=== TESTES DE TEMPO ===
Programa: ajustePolv2, N=10

K=64
=== Execução ===
Running without Marker API. Activate Marker API with -m on commandline.
1.213940144244532e-01 -9.221884982660405e-01 1.829280746250318e+01 -1.534049213102233e+02 7.130772887046099e+02 -2.016327954070099e+03 3.629953721092070e+03 -4.206134398162161e+03 3.057657390675425e+03 -1.276886071040595e+03 2.349585276695755e+02 
4.747978380329615e-04 6.022745847407418e-04 1.303690509658492e-03 3.131404893818135e-03 9.055986751426853e-04 1.399910441314281e-03 3.238541391961322e-03 2.796643725820697e-03 2.057650817124959e-03 3.040531284450559e-03 4.057765140303454e-03 5.991749482653352e-05 5.386133658404513e-03 1.125754430370732e-03 1.810341247144159e-03 1.184726682473006e-03 1.526781633680557e-03 4.648988678494087e-03 4.524221162596001e-03 6.633424785017161e-03 6.005331408072842e-03 5.265501961631863e-03 1.240339800693602e-03 4.858068723598230e-03 3.315394128308030e-03 8.142606367256555e-04 6.490284095315657e-03 7.125942936086205e-04 4.129016734316204e-03 2.054030158785719e-03 4.436210011607489e-03 1.771997805138398e-03 5.292823018617610e-03 1.634083663279079e-03 6.707706032007682e-03 6.031214058370538e-03 6.610033147545991e-03 1.541094002421750e-03 7.730302030129199e-04 3.350953867077483e-03 3.609367423383802e-03 6.999683884680169e-03 2.501618415501616e-03 4.931078751716306e-03 1.734846919836247e-03 2.806268407314128e-03 2.001539632535410e-04 5.475189941957753e-03 2.895759024811373e-03 7.983845646829246e-04 1.728158358381610e-03 3.262097185638108e-03 1.821135588283923e-03 5.498012456862128e-03 7.810872348090747e-05 1.152895392128872e-03 4.160381868788365e-03 2.421917727188361e-03 3.886749856218563e-03 5.005238540083501e-03 3.598136141920671e-03 1.407713828190160e-03 2.815919618660456e-03 1.580241890415501e-03 
64 2.7209997177e-02 9.6799433231e-04

K=128
=== Execução ===
Running without Marker API. Activate Marker API with -m on commandline.
1.054835308745057e-01 -1.401735144949682e-01 4.861935622567477e+00 -4.904309072156417e+01 2.578200344963946e+02 -7.839947388277392e+02 1.454065026476042e+03 -1.663845214041045e+03 1.140845608719490e+03 -4.264626908072047e+02 6.607470676405904e+01 
1.737967372446969e-03 4.040435660206121e-04 2.223625226288758e-03 1.383910934612959e-04 1.270694476568066e-03 6.051184784661712e-04 1.084411127267565e-03 4.305113114279474e-04 2.200797060034856e-03 2.681734219654591e-03 1.051482410715329e-03 7.035596375457032e-04 2.999539580458330e-03 6.347695494490213e-04 1.323146063074127e-03 1.291424394824547e-03 1.305406942244264e-04 1.332049964730131e-03 3.256452328301726e-03 2.409134623564166e-03 3.749060412276933e-03 3.162079693821110e-03 3.428868065432494e-04 2.440803929020227e-03 1.904311208762360e-03 7.229865443995898e-05 3.916484430874181e-03 1.167075652633145e-03 2.954792045514285e-03 1.203839180230482e-04 1.357408813300043e-03 1.643136049027841e-03 3.250332234543005e-03 4.053126431931287e-04 3.160566999212258e-03 3.052973577415213e-03 3.039408015091200e-03 1.247523987105037e-03 2.713585252240996e-04 8.792463477591550e-04 2.686805412240575e-03 2.591530477944221e-03 2.121544143024359e-03 3.234441804915805e-03 1.473644573211891e-03 1.012912630843604e-03 3.259365967883676e-05 2.888053056147200e-03 1.008681526944138e-03 1.109238807612267e-03 1.800825445551074e-03 5.395523174641093e-04 2.057299158107873e-03 1.671363390142622e-03 9.047107339332505e-04 7.331708480301513e-05 2.079785470423312e-03 6.008616932027810e-04 3.198618049926105e-03 6.867342250524155e-04 3.904969111029860e-03 1.148045897117617e-03 2.075096457297781e-03 2.770642766492803e-03 1.906966524683251e-03 1.724290113855886e-03 3.294462487748590e-03 7.885606396756117e-04 7.711381007402263e-04 9.500394971092008e-04 2.203101949726921e-03 2.131666112353159e-03 2.016707800368778e-03 6.434499983898334e-05 3.260496501182403e-03 9.709712611549737e-04 2.311166579465646e-03 5.153801018051296e-05 7.567373293284607e-04 1.454189444131976e-03 1.824813002212433e-03 3.865414103260967e-04 1.999545233673988e-03 2.663267069604125e-03 2.866082403460035e-03 3.986777977262101e-03 2.170578881163288e-03 2.018047590630706e-03 1.468199474756904e-03 4.023952967694477e-03 3.344377549870936e-04 2.288660468036968e-03 4.977216821880626e-04 2.211508587572741e-03 1.813700786039568e-03 1.890321257557392e-03 2.865140213833162e-03 1.705048045620022e-03 3.259626580876057e-03 2.222714285679772e-03 2.781714393000706e-03 2.517167111734914e-03 7.477673165324772e-04 6.214844785883411e-04 1.570237545855085e-03 3.257635722757612e-04 3.351729227174804e-03 3.354226714133379e-03 3.354026476563660e-03 1.473954929007537e-03 1.054129668246195e-03 1.129946266105131e-03 2.683914488617878e-03 3.090169360753681e-03 2.398939846342540e-04 3.595079306509152e-03 3.147568973585091e-03 1.339236110982883e-03 2.517839311318659e-03 9.484530638369515e-04 1.143576746317265e-03 1.303822509401864e-03 1.047178749609690e-04 3.024488083739396e-03 1.982552761424228e-03 8.500261442902501e-04 1.003561962223121e-03 1.355728467018924e-03 
128 2.6643991470e-02 9.2799961567e-04

K=200
=== Execução ===
Running without Marker API. Activate Marker API with -m on commandline.
1.021017845671190e-01 6.052334992442486e-02 2.602656301812445e-01 -6.116856636391168e+00 5.279499148188368e+01 -2.294993102061599e+02 5.733488097637883e+02 -8.590161849235884e+02 7.632186749856063e+02 -3.708834405009879e+02 7.598764620142671e+01 
1.938148923198213e-03 7.570835249595675e-05 1.639403472878595e-03 3.420797930741432e-04 1.322427539131921e-03 1.047717167798057e-04 1.105771852490764e-03 5.696887308486998e-04 1.249050202502794e-03 1.693356042784935e-03 5.687877302869987e-04 6.644114885214214e-04 2.221765605359832e-03 4.089207737699441e-05 4.435039066070512e-04 4.098771105567056e-04 3.236139793133530e-04 1.230016424889555e-03 1.753310156581686e-03 1.812415561431663e-03 2.199049885103097e-03 1.900001034237528e-03 2.635897572001999e-04 1.597338564491235e-03 1.107269898579816e-03 1.358655287204136e-04 2.261504111088483e-03 4.484169189365728e-04 1.549819411366518e-03 4.494269727460393e-04 1.260179148254131e-03 6.532923884687708e-04 1.686957419245461e-03 6.362110235049595e-04 2.372567975727685e-03 2.267195134162875e-03 1.676705515643293e-03 1.015282540704501e-03 3.335136633492025e-04 4.637078372166092e-04 1.755509815408299e-03 1.686320545376499e-03 1.267250369835077e-03 1.919071819986212e-03 7.354571509970848e-04 9.076745404982822e-04 2.842195633386280e-04 2.192100140603601e-03 2.709091818854786e-04 1.107112894436282e-03 1.563538530176933e-03 7.055731265703802e-05 1.728433017999090e-03 6.708285165508282e-04 9.564684737985579e-04 3.011657964330922e-04 1.642460824231709e-03 6.527169362099128e-04 1.827823225100250e-03 6.052896046142425e-04 2.390472175175060e-03 6.855326979703785e-04 1.339579397582183e-03 1.700909091707781e-03 1.088508490292614e-03 1.292846449111124e-03 1.865214674256169e-03 2.119532977608446e-04 1.567360495051406e-04 9.826080907634066e-04 1.815340427983758e-03 9.357681858704614e-04 1.734234911749427e-03 4.913480569008477e-04 1.638506075977819e-03 1.837481235583693e-04 1.897859540011981e-03 3.586665460288407e-04 1.273472759340255e-04 6.154001615703286e-04 1.435247664940686e-03 4.615050352444749e-04 1.436252247100867e-03 1.800237824538170e-03 1.801380588921292e-03 2.520816281669919e-03 1.483051793509743e-03 1.446834658721446e-03 1.153310964026599e-03 2.307536489364825e-03 1.024774587784494e-04 1.823516498164396e-03 7.507872325285270e-05 1.835628077242940e-03 1.598842361127562e-03 7.631858027704608e-04 1.388013529159821e-03 1.526476090194739e-03 2.501729269194897e-03 1.809669895294408e-03 1.429620924237041e-03 1.303803739041848e-03 7.364466769636535e-04 1.935531315904737e-04 1.152740088269405e-03 2.989431267119147e-04 2.110982488193497e-03 2.127501250644565e-03 2.214100148493603e-03 8.344372296524016e-04 5.331135844708068e-04 8.870617115569190e-04 1.892532350124043e-03 1.804058385606044e-03 6.798240025585045e-06 2.436481420171221e-03 1.913158327296077e-03 9.173072995516951e-04 1.594779120884904e-03 6.305175413858222e-04 6.793820311945253e-04 7.739390887261666e-04 3.177070856086317e-05 1.897430859989557e-03 1.446810682811772e-03 9.493763979449010e-04 1.387829206092844e-03 3.601876038400453e-04 1.949222760326552e-03 1.411080229470563e-03 1.071905126434514e-03 8.944592240678895e-04 2.226410004802781e-04 2.166617392274639e-03 1.425739482343508e-03 1.542779111603249e-03 7.580449290667257e-06 1.873022131140795e-03 1.839615279903339e-03 3.874856467946386e-04 3.205355747080141e-04 1.326147884043727e-03 2.152917365257995e-03 1.100374670979509e-03 8.222514455055174e-04 1.426046310746276e-04 1.393721871228354e-03 4.828806848143075e-04 1.704066757476835e-03 7.676377363692588e-04 1.093860364270893e-03 1.170712540525920e-03 2.191754675219398e-03 1.696786089545738e-03 1.445203648082732e-03 8.071504606479429e-04 1.420253521281750e-03 2.255164872871918e-06 1.659359739339034e-03 5.493916253992426e-04 1.397618520804944e-03 1.613195433030012e-03 1.341495280253596e-03 1.055977774118561e-03 1.696001547311421e-03 4.973348200236483e-04 1.090437195254701e-04 9.954672832817035e-04 2.895366880817374e-05 9.016079977103297e-04 1.012138553056957e-03 2.073441288197614e-03 2.232855372664710e-04 1.338343349064963e-03 1.520063363103424e-03 1.935021215803939e-03 9.588653451441387e-04 3.285854625684481e-04 9.390766184517452e-04 3.220635207232259e-05 1.554637227284578e-03 2.176145961122200e-03 1.176193548418331e-03 1.445959293554289e-03 1.160959818373886e-03 2.008279100575328e-03 1.480298326286822e-05 2.000179081034031e-03 7.425677108930384e-04 1.082828793058904e-03 1.315815500351397e-03 2.123432283932025e-03 4.899106549607346e-04 2.211397985974722e-03 1.020779891082652e-03 6.301318410911749e-05 2.149611103640647e-04 1.104609401577250e-03 2.127340589622384e-03 1.658739727990077e-03 
200 4.2730003595e-02 9.6699595451e-04

K=256
=== Execução ===
Running without Marker API. Activate Marker API with -m on commandline.
1.012648750353087e-01 1.118594659268662e-01 -1.457573139673003e+00 1.630834811740116e+01 -9.564584472450400e+01 3.325043598061387e+02 -7.177674488253863e+02 9.724113557233401e+02 -8.040293908567683e+02 3.707531173012876e+02 -7.304602498458125e+01 
1.771140098275600e-03 5.221382176734402e-05 1.274643639226566e-03 3.331316305654475e-04 1.144130136599322e-03 2.164769808209732e-04 1.005404783245900e-03 5.807904344331399e-04 8.551485192669767e-04 1.223655053684936e-03 5.183328841480289e-04 4.723399823026858e-04 1.716567643866296e-03 2.456069701731178e-05 3.144872547371086e-04 2.662933199804873e-04 3.254674669838781e-04 1.048791054541892e-03 1.270421975890279e-03 1.523099158327101e-03 1.606689301187639e-03 1.372343474126611e-03 3.154659467396043e-04 1.143790303449951e-03 9.612082724826804e-04 2.017292786432590e-05 1.840766722310747e-03 4.108497027966729e-04 1.256823814277275e-03 3.202649099910138e-04 9.691666891010892e-04 5.102427019906264e-04 1.302625087663559e-03 5.269145666491198e-04 1.897151722424342e-03 1.827461419845383e-03 1.242342095292739e-03 8.707247845669841e-04 3.465048953704836e-04 2.695409085368694e-04 1.469319505560965e-03 1.216229333941721e-03 1.092913001923615e-03 1.602123085347226e-03 6.757579140323905e-04 6.111741144873978e-04 1.288132847648699e-04 1.625427895533563e-03 2.914689497333367e-04 7.935505975532470e-04 1.159537865434754e-03 3.362647639115757e-06 1.309447344340076e-03 5.536152978674602e-04 7.293992025826090e-04 2.292991592092175e-04 1.289048541602320e-03 5.275268837932473e-04 1.398974372687212e-03 5.128803332537790e-04 1.817140105333723e-03 4.754257982186871e-04 9.774676462184634e-04 1.405949827845254e-03 9.345660031806619e-04 9.198672805723340e-04 1.552255759526611e-03 2.643758506309102e-04 2.237798071683672e-04 6.649954899036331e-04 1.315438774473654e-03 8.327952472004102e-04 1.255389735256227e-03 2.877695641274602e-04 1.371700794024641e-03 2.296581223268646e-04 1.403077335664707e-03 2.079509958190506e-04 1.635765313706683e-04 5.359880203738288e-04 1.075569600291232e-03 3.248262073368008e-04 1.096735222068393e-03 1.391769076525939e-03 1.411157084779721e-03 1.976450496515611e-03 1.140741829918718e-03 1.101792551094313e-03 8.621082919227502e-04 1.851654602212788e-03 2.168879701695825e-05 1.357363697253089e-03 1.680601655684733e-05 1.351188467279024e-03 1.159608897104869e-03 6.914049623757690e-04 1.184261360694161e-03 1.088992114150672e-03 1.848273799679584e-03 1.306052284602566e-03 1.225091691297225e-03 1.126136387524873e-03 4.695741846492962e-04 2.541341226414973e-04 8.015746830723480e-04 1.394897911985438e-04 1.737340473349475e-03 1.580822799912063e-03 1.803347417953127e-03 5.868118720825655e-04 3.605933151860363e-04 7.391168762140576e-04 1.514324248720889e-03 1.384366528605602e-03 1.933012027846570e-05 1.906289867266542e-03 1.503178108568815e-03 6.968447466990657e-04 1.276851836856496e-03 5.343868139408570e-04 4.784864307282310e-04 5.423629857080614e-04 4.685526193029532e-05 1.562743865786392e-03 1.042040660891141e-03 6.464009780696722e-04 9.828893970297847e-04 1.750301430258616e-04 1.412550570370624e-03 9.893660543173755e-04 7.228176695215638e-04 5.838411451399017e-04 5.987259843115433e-05 1.804607405772984e-03 1.222440870969344e-03 1.101272724171820e-03 1.042229768290492e-04 1.554764520818180e-03 1.353614600343139e-03 3.774593250038816e-04 3.154298882536710e-04 1.090567330607223e-03 1.725326104262737e-03 8.913395902705734e-04 6.619698791534567e-04 1.041661049124842e-04 1.083639269593262e-03 3.596410384716642e-04 1.301492232722606e-03 5.580682233545520e-04 9.075464098292907e-04 9.782313086470484e-04 1.785738625616318e-03 1.243335721900829e-03 1.219086939849789e-03 7.271226259229491e-04 1.211285948029023e-03 1.072194303933516e-04 1.188679705148799e-03 5.375828314749809e-04 9.844374284641577e-04 1.365240732325496e-03 9.472144574912966e-04 9.201722046364991e-04 1.413091435634256e-03 3.089061041038066e-04 1.522466827991176e-05 7.184641062598918e-04 2.505138750252822e-05 6.689081245742634e-04 8.136379485743084e-04 1.630122545842994e-03 1.722430647888851e-04 1.031470353300201e-03 1.212703868838344e-03 1.476745651075362e-03 7.923890937077682e-04 3.063874481561701e-04 7.875437517025907e-04 8.078432636768329e-05 1.159920508584600e-03 1.750873680308768e-03 9.627785548034784e-04 1.095673680826442e-03 9.281781272925116e-04 1.574677797122892e-03 4.499335307106556e-07 1.531247337915348e-03 6.317263626329783e-04 9.174943367584176e-04 1.117803243336463e-03 1.763663722596648e-03 4.968941659995174e-04 1.612121555775697e-03 9.033268348941637e-04 1.307286526442131e-04 2.062547013597371e-04 8.915463888838071e-04 1.537214032190870e-03 1.552611479568478e-03 5.583086590467967e-04 5.588636190151097e-04 1.719884019589168e-03 1.073121026804569e-03 2.204459728635810e-04 8.450060485353517e-04 1.423657289410879e-03 1.056856029116759e-03 9.084262362495377e-04 1.617718881028185e-04 8.915778527618934e-04 1.895169437281241e-04 1.033344735247854e-04 1.500196405956333e-04 6.283512252717172e-04 1.156235757139218e-03 5.449371058038333e-04 1.330461353750229e-03 1.572477513995640e-03 7.925048087523423e-04 2.689518360643461e-04 7.021160626601020e-04 1.025392844869827e-03 1.238225243758412e-03 9.856085099264611e-04 1.768017012670819e-03 7.781585693608928e-04 8.319983529620767e-04 1.149451566885257e-03 2.886259957640414e-04 5.046812485147989e-04 1.290455193582951e-03 1.174274391671143e-03 3.360217159477930e-04 1.795218683387861e-03 5.051256964755668e-04 7.258324051339637e-04 1.304298291668810e-03 4.214655351133800e-04 3.406883292046137e-04 4.737371562485437e-04 6.349596731335116e-04 1.804362361319617e-03 1.367181834729031e-03 1.154331012696436e-03 7.603788955414525e-04 1.759254206827487e-03 1.357953129324491e-03 1.375539814467919e-03 1.374790237601980e-03 1.408209845079916e-03 8.030260816613843e-04 5.009956590781850e-05 5.925256062388751e-04 1.358241452866310e-03 1.135157410073029e-03 
256 5.3040996194e-02 9.7900629044e-04

K=512
=== Execução ===
Running without Marker API. Activate Marker API with -m on commandline.
1.008317342554892e-01 6.401446059633292e-02 -3.208109504527800e-01 4.413391793703133e+00 -2.968985141920205e+01 1.157196886451264e+02 -2.731953560186211e+02 3.970066890560709e+02 -3.469869659609709e+02 1.672719681351504e+02 -3.416149156450529e+01 
7.421744633049204e-04 4.621183435299381e-05 6.544702691843041e-04 1.422449128858222e-04 5.179832190149447e-04 3.430956167520260e-05 4.172294422457173e-04 2.002407138300411e-04 5.168310087511618e-04 6.957450193207648e-04 1.840258471383638e-04 2.999767264240533e-04 9.089673733909259e-04 2.415483973483568e-05 1.356123519836716e-04 1.263912993458016e-04 1.549465545436501e-04 5.027338024600203e-04 6.698084693456258e-04 7.151685829060034e-04 8.601947653213843e-04 7.520600862916949e-04 8.431332980736450e-05 6.512986651134728e-04 3.967735916664272e-04 9.680469567976968e-05 8.322762212239071e-04 1.173674786482531e-04 5.417665759291229e-04 2.440932026339382e-04 5.646873244435358e-04 1.799377995372609e-04 5.819986202406230e-04 3.260707694824477e-04 1.003778615508905e-03 9.609334684573673e-04 5.824374312021346e-04 4.652756666721353e-04 1.941088560425408e-04 1.230969809449950e-04 7.371296437741343e-04 6.147693007425015e-04 5.308498237879267e-04 7.767619924337471e-04 3.052253063608318e-04 3.461837780577570e-04 1.124706622385868e-04 8.677123648792445e-04 8.438406084629313e-05 4.638534000133421e-04 6.519159900573862e-04 7.821151901300782e-05 7.349312338959801e-04 1.936415523501461e-04 4.500989560982382e-04 2.015567780085381e-04 7.322197322101182e-04 3.515390346413988e-04 6.123229053955070e-04 3.423232311853541e-04 8.246121209369850e-04 1.562939867262719e-04 4.104341571226910e-04 7.776119817576865e-04 5.377537980650743e-04 3.940907155672718e-04 8.369253962650508e-04 1.875681569340065e-04 1.615278438040074e-04 2.888793962040614e-04 6.203497484049553e-04 4.473377440946530e-04 6.033169667659655e-04 1.261542126376469e-04 6.968952977619708e-04 1.191956365479974e-04 7.037987482080288e-04 1.127678333115167e-04 6.659899077492148e-05 2.465820085372911e-04 5.652086170745974e-04 1.956034850978949e-04 5.870474668652342e-04 7.397475596449266e-04 6.568651617657184e-04 1.041432486819358e-03 5.130471503187739e-04 4.898512395713484e-04 3.666980836393163e-04 9.930720944585358e-04 5.885771034479237e-05 6.069600561179750e-04 8.170349825070700e-05 6.011565816481518e-04 5.046689851921637e-04 4.211012397183078e-04 6.673656050712878e-04 4.698422636503358e-04 8.504693786987177e-04 5.807356819514942e-04 6.830848671988965e-04 6.314997211186724e-04 1.687990327575578e-04 1.902973614840847e-04 3.406059743729928e-04 1.287924931599183e-05 9.219788560039244e-04 7.408747097142898e-04 9.472507186833595e-04 2.519486368225687e-04 1.430909821132087e-04 4.024089140940851e-04 7.855822109982258e-04 6.682404921334040e-04 2.911157034179990e-05 9.681037632897904e-04 7.410824000474991e-04 3.545385250524752e-04 6.366133288717712e-04 2.695732091987507e-04 2.328052545118170e-04 2.608413806782922e-04 3.749351450688110e-05 7.989683403729353e-04 5.001059145748749e-04 2.991961648312197e-04 4.645923929199047e-04 5.806871722784102e-05 6.744989468027707e-04 4.608489855035119e-04 3.257956405355034e-04 2.548110804865833e-04 8.384306134756603e-06 9.415498781883275e-04 6.511082356746301e-04 5.103873521305757e-04 9.244671838251617e-05 8.175359943884131e-04 6.370937136564586e-04 2.277552374915087e-04 1.958170759803757e-04 5.822409124469352e-04 8.982694239715872e-04 4.797361076137735e-04 3.633400570890316e-04 2.159109651755919e-05 5.703166235732360e-04 2.062117532228708e-04 6.749425418251104e-04 3.009689784807118e-04 4.341439244043982e-04 4.718130009149640e-04 8.778912337977091e-04 6.343464585638198e-04 5.991164349661848e-04 3.553154726843311e-04 5.994860494590443e-04 4.942821528841623e-05 5.966797735108553e-04 2.681398867981633e-04 4.913532141577748e-04 6.848146689268642e-04 4.702877585598675e-04 4.643132854221799e-04 7.114510577124755e-04 1.491093758486661e-04 2.078458709642295e-06 3.537623838776316e-04 1.767262102164713e-05 3.298903273054737e-04 4.105394336027385e-04 8.176810738554363e-04 8.738836497859670e-05 5.154041994672176e-04 6.085156899925948e-04 7.341535925673714e-04 4.026773136323186e-04 1.621311062245112e-04 4.053357058666079e-04 5.473282600780560e-05 5.627159261304276e-04 8.956861206965566e-04 5.047173888877432e-04 5.213851426112276e-04 4.936784318606974e-04 8.200479864650667e-04 3.555269419108775e-05 8.043846191057580e-04 2.742390677156203e-04 4.144153105802018e-04 5.120529156130982e-04 8.326925796741103e-04 1.972784786083148e-04 8.589631779503532e-04 3.973559971186397e-04 1.001255365923326e-05 4.712209270438250e-05 5.020129089276792e-04 7.125776507003467e-04 8.316569083957892e-04 2.249691638106233e-04 2.269169816907501e-04 9.102694051220939e-04 5.841747220408644e-04 1.545940127885836e-04 4.631013520963179e-04 7.481302405333567e-04 4.969364389218744e-04 4.280286118473475e-04 1.012882632280832e-04 4.599617259742894e-04 8.722876617700548e-05 5.115439699507340e-05 8.184175416198203e-05 2.997228821133291e-04 6.004096312647034e-04 3.027540226350489e-04 7.035955542257222e-04 8.326946004946212e-04 3.417728553584132e-04 1.968289487075947e-04 4.210478663789208e-04 4.353956300225115e-04 5.349177024623064e-04 5.833847154106397e-04 9.803745838687372e-04 4.905414842475975e-04 3.102166352170754e-04 4.654799799505005e-04 2.560905648107403e-04 1.390282334999271e-04 7.590237266001110e-04 4.739487130157038e-04 5.654507218716409e-05 7.889852769198957e-04 3.572452108908664e-04 4.626025576632276e-04 5.584368739505186e-04 1.238616277930704e-04 9.103080089081783e-05 3.081022424721858e-04 3.803562259834803e-04 9.567223987405338e-04 6.370016397655442e-04 5.377158142745309e-04 3.465628638620322e-04 9.093336527823404e-04 7.073431945233133e-04 6.573871050566948e-04 7.240341286469942e-04 6.559681617163138e-04 4.675183561485274e-04 1.165622722891779e-04 1.701867023789494e-04 8.503968100028736e-04 3.387114057105955e-04 2.317446440327775e-04 2.957909939673986e-04 2.558980817376488e-04 2.045168520086182e-04 5.025160565287623e-04 1.012657209950363e-03 9.665962222096813e-05 8.632180070311524e-05 1.095678494427155e-04 8.109494860353283e-07 7.998889324135339e-04 7.202064081812121e-04 3.183024096691245e-04 4.843639427645763e-05 6.194078894336541e-05 4.555764492846781e-04 7.519912852330668e-04 6.707199780262019e-05 2.269046884882386e-04 4.256409070858558e-04 4.489347169875091e-04 4.095112429592374e-04 8.115098107399910e-04 6.503024274559510e-04 7.808908437317297e-04 6.106951232590641e-04 2.066574308468017e-05 1.909442837089714e-04 7.380978710805342e-05 2.278362969921899e-04 7.061090992421526e-04 6.957065545352414e-04 9.214758423110037e-04 1.376031367815722e-04 1.992804670638837e-04 6.803258005388113e-04 2.239026008884204e-04 5.586663989040619e-04 8.850476659225115e-05 5.223338319778614e-04 5.387091537060462e-04 1.460345668025942e-04 6.605045830070932e-04 6.390266664844657e-04 9.581832512192412e-04 3.688500106474313e-04 9.065104292559079e-04 8.823465531516694e-04 4.301710653537572e-04 2.657340398838637e-04 4.386401319419753e-04 2.029306722858559e-04 1.976560614524170e-04 3.753677073728701e-04 6.290256181674114e-04 2.954990609174701e-04 1.052657210575403e-04 2.745536995331088e-04 5.816023496768852e-04 8.558343712022076e-04 9.362599001973559e-04 9.367864972203988e-04 4.925698132417500e-04 8.011154066629722e-04 1.755098287035406e-04 7.585606616110629e-04 9.286495132873329e-04 5.066956690270574e-04 7.086429915274528e-04 7.082419933493456e-05 1.069673470821542e-05 8.673688565385418e-04 8.180310642255939e-04 3.826841827496430e-04 6.946691504902403e-04 8.876068688853378e-04 1.761582862990774e-04 7.181454027476164e-04 8.377090873238902e-04 4.123343718193118e-04 5.640802305832970e-04 3.375925268211954e-04 3.255621269458719e-04 5.764167949167676e-04 2.318340420454923e-04 6.432199171522435e-04 1.327043852152598e-04 8.763018448151028e-04 8.342112997450357e-05 2.392210153442098e-04 9.345767103043356e-04 1.438096852207915e-04 2.602564783097394e-04 4.330992204887862e-04 3.355781057333418e-04 9.070683972759730e-04 6.368203245738224e-04 3.010731210655870e-04 5.635534790084940e-04 3.569334409079250e-04 7.349107394609145e-04 4.346498548942757e-04 4.555347086571959e-04 8.830934704953941e-04 1.490145374461738e-04 1.634526801753966e-04 9.617756966515678e-04 6.618580192967460e-04 1.057379369616973e-04 8.636846475894855e-04 1.093435490409078e-04 2.943967118988755e-04 2.378044943175950e-04 7.742831381403747e-04 1.206435404172701e-04 9.546377142408413e-04 8.283824031715403e-04 7.048343220300013e-04 1.035156052426489e-03 2.528019359504252e-04 5.526000386218977e-05 9.687743521293590e-04 5.538239881085205e-04 7.995085728019491e-04 3.954716508581813e-04 7.901304652331298e-04 7.638764171555568e-04 1.974984018596193e-05 1.528037086484246e-04 7.358331407121832e-04 6.425855652405221e-04 4.395129882835414e-04 7.228340904723851e-04 7.396184722326671e-04 5.853490021460184e-04 3.478722272475254e-04 1.308899719940360e-04 6.600805881966654e-04 6.000735802165202e-04 6.748671330502887e-04 6.148341627538190e-04 5.560210384085995e-04 8.003095130662552e-05 4.866793196908747e-05 4.314942971555824e-04 6.956724716629115e-04 5.589454789128867e-05 6.646864518626283e-04 3.366127595417767e-04 8.688997817327127e-05 3.270311175385121e-05 7.890988041964198e-04 1.905954034316926e-04 5.532962889761295e-04 7.117389036538080e-04 8.731144442290228e-04 4.699142858550498e-04 6.036052926875479e-04 1.726938643645259e-05 2.466732828129703e-04 1.000516559187981e-03 2.420168212280138e-04 6.736910203563873e-04 8.095542081338059e-04 1.060776392884932e-04 9.534500760729481e-04 4.033002185142576e-04 6.280725776625640e-04 7.944680123748160e-04 8.402184147368597e-05 2.161854492787607e-04 5.420858451987975e-04 2.282276514670722e-04 9.474330707582301e-04 3.776028793421038e-04 6.694573814261251e-04 6.228895882967045e-04 7.546147257335711e-04 8.839525010365668e-04 1.118317240028088e-04 4.312673701020731e-05 2.141715269461941e-04 9.921158395514995e-06 7.470786596463219e-04 1.308496619151223e-04 1.806587746921995e-04 7.805140963171031e-04 5.719439159343476e-04 4.927456610976377e-04 2.347439336223556e-04 2.087868550165739e-04 4.711950719585023e-04 1.009248854831613e-03 5.458693458828545e-04 6.099370849791119e-04 1.608960290043204e-04 5.847977064629972e-04 2.734847376428817e-05 5.120582048401823e-04 3.985666708105351e-04 1.022146250181544e-03 6.988655216446926e-04 6.129310211527850e-05 2.153429007194230e-04 7.681049905253201e-04 4.900644069528726e-04 3.660187109649771e-05 4.772012013010141e-04 1.977045621784634e-04 5.113980243307004e-05 5.254617703936426e-04 1.037769309880171e-03 8.122231815702041e-04 5.496937302612304e-04 8.018485081362769e-04 8.984833515512936e-05 1.156340532783851e-04 7.434677036811110e-04 1.701808687248896e-04 4.481338450730565e-04 3.100130113691812e-04 7.616846768554453e-04 7.834177723584912e-04 1.669195023112913e-04 5.795953781990992e-04 9.638716140707992e-04 8.395579955617349e-04 7.210938044927007e-06 2.388733908143814e-04 4.469035512679465e-04 7.901939611631159e-04 4.005777925759624e-04 5.155687042272539e-04 8.511240238687212e-05 1.499161020150630e-04 5.134113348162217e-04 7.814353224433468e-04 9.983696167393530e-04 8.066872781615775e-04 1.897562067518788e-04 1.699331417031880e-04 1.609597248374839e-04 6.183344300203508e-05 1.883395041934743e-04 4.123810894532953e-04 6.933968329703166e-05 5.403740813214597e-04 5.963480661415055e-04 1.658504448301124e-04 3.903351953290501e-04 7.173383382489129e-04 5.973098154261614e-04 2.565689319718456e-04 4.596981601827088e-04 4.994247393181883e-04 6.813906240909773e-04 
512 1.2186500430e-01 9.5100700855e-04

K=550
=== Execução ===
Running without Marker API. Activate Marker API with -m on commandline.
1.008911174622588e-01 4.973788916142921e-02 8.118843975064864e-02 -4.022479680596944e-01 4.256395481504390e-01 6.282188557265041e+00 -2.973626706267002e+01 6.087846591668509e+01 -6.624534823646165e+01 3.745338991903497e+01 -8.667334701747922e+00 
5.902908496985548e-04 1.208608503175806e-04 6.668463892363224e-04 1.721019607442281e-04 5.061404986836660e-04 4.215362930266864e-05 3.867432723182462e-04 1.745848743211903e-04 5.015297439653482e-04 6.752222906291627e-04 1.379483341516635e-04 3.172219334373061e-04 8.876456180976072e-04 6.647805787901584e-05 8.063765391529143e-05 7.124904881607164e-05 1.907327400118702e-04 5.139303188539945e-04 5.787280304668380e-04 7.089345986398682e-04 7.596418689235357e-04 6.614047577588461e-04 1.144433994341026e-04 5.733439940068391e-04 3.991055649809755e-04 6.374689442989467e-05 7.976434279160366e-04 1.285437870863909e-04 5.199865048193114e-04 2.152290845702926e-04 5.173124876639290e-04 1.722652904630612e-04 5.430099029760938e-04 3.057728432576401e-04 9.400057832587294e-04 9.033480460004101e-04 5.302992261308620e-04 4.479675057676297e-04 1.983159596852524e-04 9.436432519790983e-05 7.088593943585936e-04 5.473897340989159e-04 5.211333224009879e-04 7.519171879264430e-04 3.146251076267398e-04 2.903094347226354e-04 7.147354359147984e-05 7.734618220683886e-04 1.137309888279009e-04 3.959436680622541e-04 5.705180253720576e-04 3.614230873102975e-05 6.473608689640808e-04 2.170077243447838e-04 3.824747817486596e-04 1.514874316627945e-04 6.460268696102250e-04 2.923389420810829e-04 6.040942149119766e-04 2.855652274012938e-04 7.996465602642389e-04 1.762838363286445e-04 4.115336294921584e-04 6.958650676048839e-04 4.741105598607687e-04 3.917326787460235e-04 7.559300492694793e-04 1.532072095530440e-04 1.307986176355275e-04 2.866023048690575e-04 5.932371602777042e-04 4.026554303039886e-04 5.734051190197931e-04 1.271832870260309e-04 6.410433938030813e-04 1.053083545094619e-04 6.587724601796324e-04 1.065298479577398e-04 6.247867328239287e-05 2.320421366884540e-04 5.216703655912952e-04 1.756416157570884e-04 5.381168763485544e-04 6.783851586819878e-04 6.235689292786312e-04 9.556090533289346e-04 4.931964595944610e-04 4.732687153833626e-04 3.602251031504244e-04 9.040650244666742e-04 3.293599865396291e-05 5.882650882271523e-04 5.151076144817301e-05 5.853966549491108e-04 4.967193687425431e-04 3.640295563443197e-04 5.923069625344418e-04 4.672143554887709e-04 8.223383891986930e-04 5.719452813508635e-04 6.039433755666013e-04 5.554004354171443e-04 1.900350677921381e-04 1.439126337886287e-04 3.505570333188629e-04 4.562917471825911e-05 8.245731095731512e-04 7.233686135645900e-04 8.482347709397320e-04 2.679117345912169e-04 1.662905639647771e-04 3.418886879185956e-04 6.990386463538861e-04 6.538076564053252e-04 4.027951305538013e-06 8.707723115010252e-04 7.195676050321814e-04 3.011834561925247e-04 6.205933592661611e-04 2.779518447503931e-04 1.907395356116892e-04 2.179204935389284e-04 5.866421416739209e-05 7.663371743030917e-04 4.442234199135559e-04 2.584816512923860e-04 4.137804767073844e-04 3.671349273336177e-05 6.119597872198818e-04 4.145096032323881e-04 2.902549465840371e-04 2.256682160367979e-04 1.782712835639300e-05 8.849851385604318e-04 6.130609148620597e-04 4.697469951250172e-04 8.986744872803432e-05 7.632856706420443e-04 5.924176006364135e-04 2.111050140451015e-04 1.798058166782024e-04 5.379723688679616e-04 8.306192793967881e-04 4.394710967640242e-04 3.296035507520528e-04 3.022440582163555e-05 5.193201579836160e-04 1.789311381574510e-04 6.138664443804537e-04 2.643533731074010e-04 4.213121940355169e-04 4.576830253393699e-04 8.369689109265360e-04 5.695656560656542e-04 5.798524587706383e-04 3.540251368118613e-04 5.824058528276083e-04 7.138110831955702e-05 5.291104060723417e-04 2.768798760469648e-04 4.292734086740330e-04 6.664402177411349e-04 4.081057026781298e-04 4.626123092633799e-04 6.933034013200945e-04 1.072339094413677e-04 3.014181468108390e-05 2.968042733112325e-04 4.934339674758648e-05 2.738953661879651e-04 4.156231199818894e-04 7.948153780576173e-04 1.150942616789802e-04 5.135877071079931e-04 5.326951874671665e-04 7.171271775306409e-04 3.413043912283004e-04 1.175872798158534e-04 3.442618065014752e-04 1.821847408596533e-05 5.561719849247193e-04 8.019271523879157e-04 4.384904268211476e-04 5.161390288982576e-04 4.294294898193052e-04 7.339430719653511e-04 4.397661285432397e-06 7.209123851144722e-04 2.823339797305285e-04 4.119206071767495e-04 5.018588844110383e-04 7.993448718156132e-04 2.067866689654252e-04 7.775668251373824e-04 3.908225090365480e-04 2.907237960453335e-05 6.241254300831667e-05 4.500223157658939e-04 6.793785832846233e-04 7.594660057841929e-04 2.228264457968948e-04 2.232839364425393e-04 8.367119310091903e-04 5.345466727022796e-04 1.360633825935320e-04 4.246885199328393e-04 6.914703899362773e-04 4.661171107884082e-04 4.005058388911326e-04 9.370980903775084e-05 4.290748058411731e-04 7.883688981635828e-05 4.378427527135242e-05 7.088555175119304e-05 2.857749781434438e-04 5.507178551861780e-04 2.721911642172559e-04 6.439166072558233e-04 7.626917376226117e-04 3.320153923697666e-04 1.680112469375772e-04 3.754003574509557e-04 4.231823450468464e-04 5.171111115909732e-04 5.226751123509343e-04 8.910181759485825e-04 4.338450185438214e-04 3.127336900567435e-04 4.583760953702776e-04 2.122753963165469e-04 1.565662735479867e-04 6.784613430705633e-04 4.702544562872057e-04 8.257196395930477e-05 7.652398186782927e-04 3.010151622824253e-04 3.983644683284437e-04 5.528053305669800e-04 1.488750814409023e-04 1.188761249072412e-04 2.521741729492322e-04 3.189880078574570e-04 8.551435431219390e-04 6.287977855361782e-04 5.366403326478031e-04 3.589018595765436e-04 8.100776305415280e-04 6.219588095066619e-04 6.485028957639027e-04 6.375152088655134e-04 6.470384875857382e-04 3.989907469985343e-04 7.251027946764133e-05 1.941371069159037e-04 7.562849832873642e-04 3.502536840070958e-04 2.502035302011929e-04 2.414182395980013e-04 2.048751251076120e-04 1.576961320602643e-04 4.997771753786073e-04 9.114782397541821e-04 1.203723395975798e-04 1.098717129807691e-04 1.305813841653847e-04 2.835644493945355e-05 7.711928399740109e-04 6.959342185060557e-04 2.719517649175385e-04 6.827449348303927e-05 3.569461886004932e-05 4.448069931044241e-04 7.194424023870549e-04 8.050699465012023e-05 2.279229975587771e-04 4.115209040935208e-04 4.040684808352124e-04 3.935984064960263e-04 7.663273137423210e-04 5.960067794186508e-04 7.347621052419262e-04 5.747637423338947e-04 1.455460683874588e-05 1.746618290345003e-04 6.722564919095508e-05 2.119646651711493e-04 6.590750851194482e-04 6.510167930892652e-04 8.628143442501179e-04 1.214664204443605e-04 1.772610414132458e-04 6.234560115787047e-04 1.969626139662617e-04 5.331305109698148e-04 9.703019105775090e-05 5.024451778646022e-04 4.837503989075231e-04 1.551994442909599e-04 6.356139582331388e-04 6.170810090110335e-04 9.156165112548520e-04 3.183349920671263e-04 8.174886242951485e-04 7.936739296926232e-04 4.294394728282247e-04 2.171500369234913e-04 3.769213346997702e-04 1.563573504897720e-04 2.176414732041054e-04 3.147556829874998e-04 5.499074990028274e-04 3.116642736986919e-04 6.054723282736263e-05 2.938330237733655e-04 5.024304980678351e-04 8.363676418083332e-04 9.118453989921393e-04 8.312494796360037e-04 4.998230499927148e-04 7.874520685011710e-04 1.213679716378924e-04 6.638789898285868e-04 8.220339174632163e-04 5.142494299018863e-04 7.022758619186775e-04 1.084800955939158e-04 3.247024399613552e-05 7.652121200246720e-04 7.195591229531562e-04 3.146444109783375e-04 6.878422674913010e-04 7.856217611585670e-04 2.040606752823915e-04 7.079382527279687e-04 7.411604160537932e-04 3.459905768750382e-04 4.881425071524281e-04 2.782674273721919e-04 3.380319011339894e-04 5.704456456694373e-04 2.484908474024161e-04 6.302051653786223e-04 9.342568599679524e-05 7.870287592254832e-04 5.037401151955501e-05 2.484697264524827e-04 8.942164085751214e-04 1.112867386291461e-04 2.631839113982626e-04 4.223543634920279e-04 2.949943084130657e-04 8.288265067252776e-04 6.065230438727087e-04 2.684817502731918e-04 5.344581458521513e-04 3.401304686742324e-04 6.899788024363751e-04 4.008174427792000e-04 4.257978960140463e-04 8.217304340986387e-04 1.362674077289572e-04 1.475931053409318e-04 8.886356589119793e-04 6.249480249075623e-04 1.093797086096082e-04 8.170846088325079e-04 1.169793416580522e-04 2.567603574850919e-04 2.407601395058301e-04 7.422419954140891e-04 1.358070617413498e-04 8.631671983887756e-04 7.436538125230319e-04 6.266986768420080e-04 9.322975392778432e-04 2.685280443527616e-04 8.643701650348778e-05 8.650989039662438e-04 4.771307661572133e-04 7.843217144027637e-04 3.265417428973960e-04 7.786279758453252e-04 7.555931121830672e-04 2.743289293266615e-05 1.893045360867873e-04 6.367840552223281e-04 6.474578067011683e-04 4.593792724780221e-04 7.239897674805318e-04 6.366589301381453e-04 5.974212045842808e-04 2.707759217902006e-04 1.753434121766761e-04 6.682925619888591e-04 5.045925919037741e-04 5.741340754766844e-04 6.264236765325670e-04 5.715137660405600e-04 1.281250171572268e-04 7.906348092695525e-06 4.543543601871480e-04 5.956034193548565e-04 1.032398584796534e-04 6.690427579356117e-04 2.641326649046871e-04 1.289232808047158e-04 7.716435576471392e-05 7.798555747921265e-04 2.211314397687347e-04 5.570750186824069e-04 7.027483237974919e-04 8.510295574309101e-04 4.736221530482476e-04 5.958943427808172e-04 1.562026679852169e-05 2.003408912143734e-04 9.046144546573653e-04 2.011370424508940e-04 6.057017557535294e-04 7.722559094072434e-04 1.144860785625423e-04 8.748176999918977e-04 3.657347265932087e-04 5.781042925615820e-04 7.429610342487292e-04 7.835294544997207e-05 2.044092726699587e-04 4.981343853313058e-04 2.223287769287929e-04 8.687082712915128e-04 3.681920313979847e-04 6.433012958153295e-04 6.033676973702939e-04 6.755590191034611e-04 8.531804386144315e-04 7.045436836333741e-05 7.710453380635474e-05 1.591640291852825e-04 3.416225416516538e-05 7.419718081708715e-04 1.713425273689728e-04 2.206349421197407e-04 7.818594111154153e-04 5.903904350604006e-04 5.192202512806221e-04 1.555969056094564e-04 1.291823536559711e-04 5.058992683281693e-04 8.703616858267982e-04 4.372940467280984e-04 6.401541266363164e-04 7.614143539463880e-05 4.697040952209020e-04 1.009599079816736e-04 4.006174713632737e-04 2.946665945694760e-04 8.751323706399639e-04 7.267234770386433e-04 1.326633163168944e-04 2.752347978996761e-04 7.886670629973225e-04 3.840240349022583e-04 3.634199622545853e-05 5.125580885234904e-04 1.181310616349684e-04 1.556599047938811e-05 4.290558451479076e-04 9.093689203393263e-04 8.090754883307016e-04 5.606274342688511e-04 7.909811141657008e-04 1.234774667425442e-04 7.281331216379971e-05 7.216273219190494e-04 1.344895501444732e-04 3.991060158366755e-04 2.766539866811690e-04 7.146332679336398e-04 7.303014503383942e-04 1.631776003131191e-04 5.542898916569006e-04 9.191036209010295e-04 7.525318353001353e-04 2.957103474893197e-05 1.787921011919824e-04 4.668840952816444e-04 6.775217204754158e-04 3.077171371105580e-04 5.520714181783404e-04 3.967648165015270e-07 2.248116544581458e-04 5.692479873462830e-04 6.305191565701973e-04 8.273661968883905e-04 8.574724370283282e-04 2.869643007483991e-04 4.486928994296147e-05 2.652679403472025e-04 1.740870298861108e-04 5.883187855659777e-05 4.991013879334649e-04 1.770931106277462e-04 6.113901333434923e-04 4.526617385461063e-04 2.491783264897962e-04 2.782735619968335e-04 7.410053499340985e-04 4.970319344259899e-04 1.966012889247082e-04 4.506573527397750e-04 4.651510164386807e-04 6.597615626184605e-04 3.542974715247393e-04 5.175914024675710e-04 1.773095446361284e-04 8.323680730080441e-04 2.030290354129716e-05 3.165790680821068e-04 3.196075805667054e-04 4.619452461291362e-04 6.732318206332244e-04 7.385854334529540e-04 8.725655796709419e-04 4.601828260194507e-04 7.603681676809915e-04 9.782159790449330e-04 6.880824292974652e-04 2.348059757760756e-04 1.618405304264214e-04 7.397564167629933e-05 5.959838731084965e-04 2.596966644587417e-04 8.092641856980165e-04 3.035828682660391e-04 2.109537454784427e-04 3.724752340553139e-04 8.507393628504334e-04 8.580029609031592e-05 8.376677222295681e-04 7.461060730692970e-05 2.981926796642997e-04 4.792561525965577e-04 2.716103827150596e-04 7.444675392573596e-04 2.081525091682801e-04 3.276621075934405e-04 5.229031348203683e-04 5.638648891407028e-04 1.068102210693644e-03 2.495548492641442e-04 
550 1.1292800307e-01 9.2300772667e-04

