=== TESTES DE TEMPO ===
Programa: ajustePolv1, N=10

K=64
=== Execução ===
Running without Marker API. Activate Marker API with -m on commandline.
1.213891708051350e-01 -9.217619997283668e-01 1.828248106712338e+01 -1.532938370502414e+02 7.124320250674168e+02 -2.014100126391598e+03 3.625169795213464e+03 -4.199684196142443e+03 3.052347974177985e+03 -1.274448268668429e+03 2.344801203238740e+02 
4.733316081811517e-04 6.013433548129471e-04 1.305039684406720e-03 3.130541095114528e-03 9.057266559403115e-04 1.400414075471146e-03 3.237663868270846e-03 2.795676233614416e-03 2.058470905307724e-03 3.041046922417578e-03 4.057623372455590e-03 5.969421036039479e-05 5.385613783163809e-03 1.126465056356843e-03 1.811121433305155e-03 1.185459104208003e-03 1.526195529967689e-03 4.648618738780502e-03 4.524338751069432e-03 6.633561664786236e-03 6.004968641885308e-03 5.264966374007252e-03 1.240978707966522e-03 4.857403559863582e-03 3.316009706654077e-03 8.137613651544584e-04 6.490615849484099e-03 7.127272733018775e-04 4.128941887201504e-03 2.054299673457854e-03 4.436640934717490e-03 1.771454885234253e-03 5.292228295605050e-03 1.634665498565085e-03 6.708212422458254e-03 6.031590968750389e-03 6.609825655014001e-03 1.541110488185060e-03 7.732054541992883e-04 3.351300247757816e-03 3.608890170814255e-03 7.000235914786962e-03 2.501057826939601e-03 4.930578756933868e-03 1.734471529761028e-03 2.806468520138217e-03 2.001489057869843e-04 5.474976331481973e-03 2.896154991428923e-03 7.978615575773007e-04 1.727588084619425e-03 3.262619701891706e-03 1.820757486434649e-03 5.498165091782609e-03 7.822780775140759e-05 1.152511540063184e-03 4.160956841369801e-03 2.422540661364159e-03 3.886276022657786e-03 5.005356430137553e-03 3.598505363520632e-03 1.406944776401242e-03 2.816563043450460e-03 1.581008177334087e-03 
64 1.5140900016e-01 1.0679960251e-03

K=128
=== Execução ===
Running without Marker API. Activate Marker API with -m on commandline.
1.054867514227058e-01 -1.404962444780722e-01 4.870292649359846e+00 -4.913709913093066e+01 2.583844555741749e+02 -7.859945537419849e+02 1.458450596098655e+03 -1.669862842375461e+03 1.145873209034067e+03 -4.288008825016326e+02 6.653872363309205e+01 
1.736182706038591e-03 4.043057650467280e-04 2.223008264145301e-03 1.394200591353506e-04 1.269578926684625e-03 6.061075063138466e-04 1.083674394778897e-03 4.300863466939475e-04 2.200899545382731e-03 2.681537808369258e-03 1.051931616092461e-03 7.029168294924171e-04 2.998768046508296e-03 6.356049097037686e-04 1.323984507347165e-03 1.292212268267534e-03 1.312333177056202e-04 1.331487262694012e-03 3.256860785144991e-03 2.408894594638639e-03 3.749127345138242e-03 3.161977441376779e-03 3.431469042478874e-04 2.440403473170233e-03 1.904829734761249e-03 7.290951480688757e-05 3.917159755452482e-03 1.167786673444263e-03 2.955510227743513e-03 1.196858717972815e-04 1.356756100160228e-03 1.643721045316904e-03 3.250830502942240e-03 4.049163343932266e-04 3.160283844127795e-03 3.052810615085402e-03 3.039447887476260e-03 1.247606091878878e-03 2.715577213451836e-04 8.789383917465893e-04 2.687210753553618e-03 2.591041707041108e-03 2.122100312612854e-03 3.235047801626478e-03 1.474281833229452e-03 1.012263115276635e-03 3.323651430381380e-05 2.887435177459263e-03 1.009257190802332e-03 1.108721091682613e-03 1.800379527925000e-03 5.399147868767606e-04 2.057029332676708e-03 1.671534016175452e-03 9.046431055394211e-04 7.328072147841369e-05 2.079924037316938e-03 6.010979818505957e-04 3.198291063280623e-03 6.871425541899456e-04 3.904490863656712e-03 1.147510915319588e-03 2.074519336471708e-03 2.771246398074773e-03 1.907580406784459e-03 1.723682459280867e-03 3.295047637186382e-03 7.891076200227665e-04 7.716322606804715e-04 9.496114202897921e-04 2.202751485667481e-03 2.131929472103833e-03 2.016538740030355e-03 6.427493231275783e-05 3.260465530852408e-03 9.708399399880330e-04 2.311394815032647e-03 5.121899522936291e-05 7.563362487250092e-04 1.453717402373711e-03 1.825342764006727e-03 3.871138307721123e-04 2.000143804701898e-03 2.663874260740801e-03 2.865484678493790e-03 3.987348093794030e-03 2.170054049350334e-03 2.017584721497212e-03 1.467813718523309e-03 4.024248501659528e-03 3.346324796438260e-04 2.288574182236630e-03 4.976952307954585e-04 2.211648446874576e-03 1.813950891297877e-03 1.889968000134551e-03 2.864694810638113e-03 1.705570824331648e-03 3.260208488364891e-03 2.223334031021540e-03 2.781080565153110e-03 2.516544694100648e-03 7.483519617401402e-04 6.209638388984806e-04 1.570669188423329e-03 3.260836694975733e-04 3.351539520796920e-03 3.354272165050770e-03 3.354132920599912e-03 1.473696327120133e-03 1.053727006696648e-03 1.130475795770858e-03 2.684544222265689e-03 3.089475470310438e-03 2.391806764227011e-04 3.595760046305796e-03 3.146977667179085e-03 1.339679727696413e-03 2.517598213571171e-03 9.484594928717560e-04 1.143295838378910e-03 1.303268600245877e-03 1.039337072944457e-04 3.025402842236180e-03 1.981682879833080e-03 8.494749293951331e-04 1.003728163111950e-03 1.354289880569293e-03 
128 2.9044598341e-01 1.0330080986e-03

K=200
=== Execução ===
Running without Marker API. Activate Marker API with -m on commandline.
1.021056108878859e-01 6.013472334535773e-02 2.703106815334151e-01 -6.229375958593057e+00 5.346758266740991e+01 -2.318727451686784e+02 5.785349954415785e+02 -8.661098269480472e+02 7.691287505210607e+02 -3.736252980582365e+02 7.653058977133183e+01 
1.935483823824455e-03 7.695166859553182e-05 1.639601804412527e-03 3.415451835653005e-04 1.321415211890817e-03 1.034872897374417e-04 1.104377881665466e-03 5.683106287983908e-04 1.250318829231462e-03 1.694448595456435e-03 5.679151411263350e-04 6.650390976615239e-04 2.222138681307717e-03 4.077064084259674e-05 4.436214235677416e-04 4.102134260294960e-04 3.230844699257246e-04 1.229323033523799e-03 1.754135900602249e-03 1.811489950511613e-03 2.200042974548511e-03 1.901030178338925e-03 2.625543182665502e-04 1.598352752258073e-03 1.106301877545207e-03 1.367653967476179e-04 2.260691257650466e-03 4.477067117954342e-04 1.549224225182000e-03 4.498979807777276e-04 1.260519942388350e-03 6.530848655059013e-04 1.686883427573949e-03 6.361538091158581e-04 2.372384230680730e-03 2.266891631889811e-03 1.677120167035223e-03 1.014766913544171e-03 3.329085280542321e-04 4.643899872140284e-04 1.754763907421117e-03 1.687116444899245e-03 1.266418512980039e-03 1.918218079457121e-03 7.345954270779748e-04 9.085307168504309e-04 2.850572084881486e-04 2.192906977491013e-03 2.701445837329369e-04 1.107824790482534e-03 1.564188328839755e-03 7.113676840840577e-05 1.728935097742301e-03 6.704095892393347e-04 9.567997554048302e-04 3.014062317271277e-04 1.642608498740220e-03 6.527712000175823e-04 1.827861792887256e-03 6.051599650078593e-04 2.390690006130708e-03 6.858347894778266e-04 1.339960848024610e-03 1.700454067382132e-03 1.087986466575860e-03 1.293428207634950e-03 1.864581032139379e-03 2.112761035330674e-04 1.560240068327057e-04 9.833460146931178e-04 1.816095110616783e-03 9.350059158530488e-04 1.734995653138338e-03 4.920983095725306e-04 1.637775019876941e-03 1.830446284257492e-04 1.898527538649608e-03 3.592916204862850e-04 1.267719735346395e-04 6.148808348321044e-04 1.435705513255142e-03 4.618966515413103e-04 1.436573666792895e-03 1.800485903214882e-03 1.801208153100337e-03 2.520911628963840e-03 1.483034119403703e-03 1.446894385255498e-03 1.153446973705813e-03 2.307326138510729e-03 1.027594127419040e-04 1.823866556991433e-03 7.549267154546846e-05 1.836101032124643e-03 1.599368828031994e-03 7.626118687482364e-04 1.387398656960054e-03 1.527124958224629e-03 2.502404851569551e-03 1.810364648635210e-03 1.428914725708774e-03 1.303093922478515e-03 7.371522648495499e-04 1.928595567776414e-04 1.153414009114451e-03 2.995899759749010e-04 2.110369827221598e-03 2.128072982307994e-03 2.213575640221122e-03 8.349087344301509e-04 5.335268818600358e-04 8.867111924855120e-04 1.892248496521420e-03 1.804272414645369e-03 6.656429280771370e-06 2.436413426179729e-03 1.913151723516998e-03 9.173884505903063e-04 1.594624310415960e-03 6.302907939657321e-04 6.796781697551435e-04 7.743012691574513e-04 3.219480666633023e-05 1.896949706336609e-03 1.447343337274920e-03 9.499543592513537e-04 1.388445702130731e-03 3.608353527985442e-04 1.949894045901401e-03 1.411766982420265e-03 1.072599011711639e-03 8.951517328869008e-04 2.233235465599614e-04 2.165953373167384e-03 1.425102430499314e-03 1.543380983239806e-03 7.021639724491546e-06 1.872513831329553e-03 1.840066157780262e-03 3.870984691427826e-04 3.202176474722818e-04 1.325903940356893e-03 2.152751238856082e-03 1.100289221588308e-03 8.222484933227414e-04 1.425243607958149e-04 1.393884950273344e-03 4.831249885634825e-04 1.704389513584870e-03 7.680349809986720e-04 1.093393774181689e-03 1.170182898511507e-03 2.191169379577584e-03 1.697418599290818e-03 1.444533323420066e-03 8.064525799539313e-04 1.419539084696053e-03 1.535777061578703e-06 1.660072023938169e-03 5.486987764994622e-04 1.398279511924588e-03 1.612578607978782e-03 1.342055961730731e-03 1.055484654406469e-03 1.695586610307914e-03 4.976619947852090e-04 1.092748418342337e-04 9.955955992345389e-04 2.897420370273629e-05 9.015177889914738e-04 1.012340237406539e-03 2.073752751833330e-03 2.237024858459113e-04 1.338858754822370e-03 1.519459353297198e-03 1.935701111088678e-03 9.581251266262136e-04 3.278032325863822e-04 9.382732598561816e-04 3.140504407089795e-05 1.555411394762313e-03 2.175425424912808e-03 1.175553883274172e-03 1.446490907068748e-03 1.160562392225839e-03 2.008039771464160e-03 1.474203744858404e-05 2.000311544631733e-03 7.422339719542759e-04 1.082295260618121e-03 1.315095508530678e-03 2.122553865672255e-03 4.889197647629795e-04 2.212433843297168e-03 1.019792191988972e-03 6.219693660902692e-05 2.144748385647932e-04 1.104566325266343e-03 2.128159452554845e-03 1.656844715206385e-03 
200 4.4815698266e-01 1.0789930820e-03

K=256
=== Execução ===
Running without Marker API. Activate Marker API with -m on commandline.
1.012667148367339e-01 1.116720028098045e-01 -1.452735817883480e+00 1.625428104771573e+01 -9.532330999635198e+01 3.313682130029172e+02 -7.152886294244793e+02 9.690252606410826e+02 -8.012114339558772e+02 3.694470576492866e+02 -7.278761799014808e+01 
1.769746158668054e-03 5.139541521997915e-05 1.275004723151979e-03 3.331378516789607e-04 1.143869700255193e-03 2.160252288777309e-04 1.004825485332358e-03 5.801369848256605e-04 8.558319940564774e-04 1.224332671712042e-03 5.176897037693778e-04 4.729265768708135e-04 1.717081139697776e-03 2.413190840346024e-05 3.141505454455212e-04 2.660524348914867e-04 3.256118563372407e-04 1.048840847890031e-03 1.270462761171834e-03 1.522973521106349e-03 1.606892720416211e-03 1.372616588900366e-03 3.151319493148036e-04 1.144175900313210e-03 9.607806050907081e-04 2.063308667890618e-05 1.840283532743472e-03 4.103526808104108e-04 1.256321774676744e-03 3.207636363318916e-04 9.696543366634475e-04 5.097732692120605e-04 1.302180327651350e-03 5.273289083169430e-04 1.897530634261763e-03 1.827800634797705e-03 1.242046099594690e-03 8.709747746800667e-04 3.467068131638579e-04 2.693884334063618e-04 1.469421835072607e-03 1.216177219527589e-03 1.092915427253385e-03 1.602076901803778e-03 6.756647121310688e-04 6.113122797695159e-04 1.289939411825980e-04 1.625648201572655e-03 2.912121565480930e-04 7.938404426154760e-04 1.159857101931741e-03 3.707436666861019e-06 1.309813714011634e-03 5.532314084613077e-04 7.297965039852611e-04 2.297057582515138e-04 1.289460355351588e-03 5.279398964630061e-04 1.398564076462341e-03 5.132841288179590e-04 1.816746435389399e-03 4.750456941631509e-04 9.771043409006058e-04 1.406293329011155e-03 9.348869395226084e-04 9.195714103601010e-04 1.552524333650510e-03 2.646151794464674e-04 2.239882290623885e-04 6.648193445134981e-04 1.315295981071662e-03 8.329039070379546e-04 1.255315698994688e-03 2.877303542701132e-04 1.371705255530528e-03 2.296281863170407e-04 1.403141055336218e-03 2.080476335810238e-04 1.634480801052107e-04 5.358290852402192e-04 1.075757479704759e-03 3.250412975750044e-04 1.096975612749518e-03 1.392032698000492e-03 1.410872443185593e-03 1.976753825224165e-03 1.140422250413706e-03 1.101459241209884e-03 8.617638368878661e-04 1.852007571599007e-03 2.132997056347730e-05 1.357001678687658e-03 1.716857304895347e-05 1.350827998304965e-03 1.159253094949464e-03 6.917535813046327e-04 1.184600358897808e-03 1.088665080060724e-03 1.847960964657724e-03 1.305755761791483e-03 1.225369922945890e-03 1.126394494578215e-03 4.693378798720504e-04 2.543471123166441e-04 8.013863485279438e-04 1.393272722601813e-04 1.737476201311067e-03 1.580714648850873e-03 1.803427398757801e-03 5.867604604196941e-04 3.605706763878946e-04 7.391107330885494e-04 1.514289507591554e-03 1.384429493668737e-03 1.923949154081228e-05 1.906172316261417e-03 1.503321665376589e-03 6.966762685076955e-04 1.277043992102350e-03 5.346012509567788e-04 4.782512483890444e-04 5.421087250712109e-04 4.712681455687484e-05 1.563030816766453e-03 1.041740299991628e-03 6.460892774350635e-04 9.825684951103031e-04 1.747022327064085e-04 1.412217884836253e-03 9.890308527216174e-04 7.224822225514183e-04 5.835077204984218e-04 5.954344638331444e-05 1.804930066749172e-03 1.222754868345471e-03 1.100969503111920e-03 1.045133822243915e-04 1.555040157658477e-03 1.353355585877514e-03 3.776999743873577e-04 3.156505523580766e-04 1.090766522424791e-03 1.725502479907021e-03 8.914919580693681e-04 6.620972078486831e-04 1.040646788907640e-04 1.083714103340433e-03 3.596887695678785e-04 1.301512534190724e-03 5.580609547076731e-04 9.075812006376360e-04 9.782933844472153e-04 1.785827560365744e-03 1.243220541523649e-03 1.219227568005798e-03 7.272877234218156e-04 1.211474360977072e-03 1.074298357677528e-04 1.188448792056401e-03 5.378326145001333e-04 9.841705566835113e-04 1.365522779082667e-03 9.469192704010532e-04 9.204783893208557e-04 1.413406380730592e-03 3.085847157049959e-04 1.489921836808628e-05 7.181370252820896e-04 2.537763704707485e-05 6.685851838888757e-04 8.139551056380590e-04 1.630431465121651e-03 1.725413308542034e-04 1.031755607791618e-03 1.212433908935356e-03 1.476998126973356e-03 7.921561796369048e-04 3.061760445173256e-04 7.873556606637078e-04 8.062118705035037e-05 1.160057235927131e-03 1.750764631269858e-03 9.626982425185171e-04 1.095724418716360e-03 9.281575689783772e-04 1.574687780873829e-03 4.092966548185917e-07 1.531318480482630e-03 6.316251257372230e-04 9.173636841515176e-04 1.117644122487382e-03 1.763477349113862e-03 4.966820210112743e-04 1.612357730947978e-03 9.030686238218621e-04 1.304506429740671e-04 2.059593612078192e-04 8.918563755197229e-04 1.536892281635643e-03 1.552941932870089e-03 5.579727204815255e-04 5.585255439000958e-04 1.720220778754639e-03 1.073452943524511e-03 2.207694786131309e-04 8.453175671843116e-04 1.423953273536283e-03 1.056579060102675e-03 9.081716563645037e-04 1.620008528919470e-04 8.917781665466751e-04 1.893480833721484e-04 1.031995921010054e-04 1.499209428179882e-04 6.284118988169329e-04 1.156214542004902e-03 5.449563354290865e-04 1.330521527795114e-03 1.572578608448338e-03 7.923633744029157e-04 2.691324436809306e-04 7.023340664429334e-04 1.025139851182327e-03 1.237940307741714e-03 9.859216949234251e-04 1.768354111909343e-03 7.785146207319737e-04 8.316289134925881e-04 1.149074867751676e-03 2.890033135626580e-04 5.043103989845477e-04 1.290812125817442e-03 1.173939085453851e-03 3.357158813852568e-04 1.794950158168690e-03 5.053492515569302e-04 7.260037022215060e-04 1.304185944332459e-03 4.214179776063365e-04 3.407102623424751e-04 4.736424948482421e-04 6.347908720193973e-04 1.804120238553197e-03 1.367493783145268e-03 1.154706117064697e-03 7.608067660598294e-04 1.758788280682932e-03 1.357468837285603e-03 1.376017083748932e-03 1.374351863836276e-03 1.408570111569835e-03 8.027914017420534e-04 5.004722528634264e-05 5.923284910999138e-04 1.358766679794260e-03 1.134212605260504e-03 
256 5.5621200800e-01 1.0889768600e-03

K=512
=== Execução ===
Running without Marker API. Activate Marker API with -m on commandline.
1.008326229948940e-01 6.392142961895469e-02 -3.183793356276843e-01 4.385989030211658e+00 -2.952540944792748e+01 1.151377854771116e+02 -2.719211230442822e+02 3.952608085486363e+02 -3.455303078267833e+02 1.665953568558203e+02 -3.402736579201118e+01 
7.414000179460506e-04 4.682507436495897e-05 6.549389152309959e-04 1.425844701040818e-04 5.182081386513465e-04 3.443329161199882e-05 4.172644757448885e-04 2.001986365427338e-04 5.169394734646782e-04 6.959099667150498e-04 1.838135452691680e-04 3.002279905833655e-04 9.092499046732122e-04 2.446160246079299e-05 1.352877701028266e-04 1.260547219124886e-04 1.552898592631496e-04 5.030790895010212e-04 6.694654524023597e-04 7.155055403629262e-04 8.598672220177378e-04 7.517449042252489e-04 8.461358513300876e-05 6.510155453521849e-04 3.970376998885111e-04 9.656116491725542e-05 8.324978968719948e-04 1.175662889777995e-04 5.419417583160530e-04 2.439421821897325e-04 5.645607893891708e-04 1.800397190943742e-04 5.820759711484269e-04 3.260177790021107e-04 1.003749630666115e-03 9.609280019497179e-04 5.824199858590617e-04 4.653153108302166e-04 1.941698913826284e-04 1.230154453513432e-04 7.372307160693620e-04 6.146497178565191e-04 5.309868380743571e-04 7.769153147659802e-04 3.053937775919641e-04 3.460013450179988e-04 1.122754750778748e-04 8.675056450208329e-04 8.460108464046490e-05 4.636273024339471e-04 6.516820447107358e-04 7.797094267497640e-05 7.346852293852318e-04 1.938918005088830e-04 4.498456265476097e-04 2.013015034252469e-04 7.319636197598151e-04 3.512831593159016e-04 6.125775034561826e-04 3.420709132882643e-04 8.248611951278406e-04 1.565388948774754e-04 4.106740197142023e-04 7.773780000647351e-04 5.375264872851254e-04 3.943106116744977e-04 8.367136116064489e-04 1.873651329779569e-04 1.613341819239195e-04 2.890631427038687e-04 6.205230743184659e-04 4.471752959963743e-04 6.034681275354503e-04 1.262937238866030e-04 6.967677514201770e-04 1.190803243259902e-04 7.039016025336825e-04 1.128580505640048e-04 6.652154610027605e-05 2.465174292844985e-04 5.652602796339945e-04 1.956422201064290e-04 5.870733026577118e-04 7.397605624690912e-04 6.568648890795808e-04 1.041420167404092e-03 5.130718900084319e-04 4.898881953688955e-04 3.667470205191148e-04 9.930114408761154e-04 5.878563226810463e-05 6.070432401927145e-04 8.160955140969206e-05 6.012609248478157e-04 5.047833367300553e-04 4.209772879123358e-04 6.672324795577583e-04 4.699841193727683e-04 8.506195057357002e-04 5.808936075421961e-04 6.829196281684102e-04 6.313276646205401e-04 1.689774013669959e-04 1.901131940532513e-04 3.407954208268921e-04 1.307344988395187e-05 9.217804299734150e-04 7.410768301505805e-04 9.470454359991887e-04 2.521565497656530e-04 1.433009947294783e-04 4.021973297897719e-04 7.853695792311433e-04 6.684536520179252e-04 2.889839572506325e-05 9.678910803267438e-04 7.412940929679285e-04 3.543283116110713e-04 6.368215832629892e-04 2.697790357035212e-04 2.326023131688365e-04 2.606417694289986e-04 3.768936381251531e-05 7.991600096613483e-04 4.999188289503270e-04 2.990140514839146e-04 4.644156248671816e-04 5.789765137201308e-05 6.743339234555612e-04 4.606903279535390e-04 3.256436546583835e-04 2.546660543974733e-04 8.522102386915309e-06 9.416801928853191e-04 6.512308356529661e-04 5.102726812961367e-04 9.255326453086465e-05 8.176342392970937e-04 6.370039274843503e-04 2.278364265176913e-04 1.958895485331957e-04 5.823045682403077e-04 8.983241816853116e-04 4.797819047844265e-04 3.633768499685802e-04 2.156333313516057e-05 5.703353505902703e-04 2.062214551105668e-04 6.749432476611528e-04 3.009607348944815e-04 4.341610535484042e-04 4.718389348594698e-04 8.779258752591307e-04 6.343032230054640e-04 5.991681354773487e-04 3.553754937133807e-04 5.995542317334124e-04 4.950438517054012e-05 5.965958035338836e-04 2.682314559887405e-04 4.912542594807251e-04 6.849207830539189e-04 4.701747227784103e-04 4.644329938662539e-04 7.115771792040315e-04 1.489771109641769e-04 1.940329533198226e-06 3.536186783565792e-04 1.782160670137090e-05 3.297363652785962e-04 4.106980611577049e-04 8.178440497333822e-04 8.755536621325721e-05 5.155748979567970e-04 6.083416268579805e-04 7.343306838549085e-04 4.024975339400605e-04 1.619489805084751e-04 4.051515785202797e-04 5.454704282058243e-05 5.629030185848316e-04 8.954980657270573e-04 5.045287177333352e-04 5.215740846341577e-04 4.934895626877572e-04 8.198595316862151e-04 3.536499261098947e-05 8.041980062334503e-04 2.744242602118890e-04 4.145987554051989e-04 5.122342903663979e-04 8.328715673581455e-04 1.974547681230787e-04 8.587898913280101e-04 3.975259829700900e-04 1.017894815594222e-05 4.728461299263742e-05 5.018545375521655e-04 7.127316070114076e-04 8.315076243627928e-04 2.251135276593597e-04 2.270561871069998e-04 9.101355863949667e-04 5.840465079531842e-04 1.544716106880728e-04 4.629849584505685e-04 7.480200406698723e-04 4.970402710529342e-04 4.281259138948224e-04 1.011976418159588e-04 4.598779237694472e-04 8.730562274467113e-05 5.122419377803777e-05 8.190438941813039e-05 2.996674976207259e-04 6.004576883466284e-04 3.027946883098487e-04 7.036287771893801e-04 8.327203421597817e-04 3.417546208592248e-04 1.968396628758140e-04 4.210510597200123e-04 4.353999453909629e-04 5.349295018833855e-04 5.833654690430290e-04 9.803479399978499e-04 4.905075045269214e-04 3.102578770715625e-04 4.655283983238390e-04 2.560350672510536e-04 1.390907013938680e-04 7.589544085296607e-04 4.740247500318873e-04 5.662768609127067e-05 7.890743150876234e-04 3.571499113715904e-04 4.625011697010351e-04 5.585441677539993e-04 1.239746354638749e-04 9.114932141462972e-05 3.079784188068369e-04 3.802273172272830e-04 9.565886309161331e-04 6.371400330419386e-04 5.378585921844148e-04 3.467097787801798e-04 9.091828548747627e-04 7.071887736264659e-04 6.575448833896769e-04 7.238732635537481e-04 6.561318382123371e-04 4.673521478439080e-04 1.163938155556987e-04 1.703571208314381e-04 8.502247194100421e-04 3.388848764602492e-04 2.319192010180049e-04 2.956156461343673e-04 2.557222394438396e-04 2.043408121638057e-04 5.026919969635391e-04 1.012481665466608e-03 9.683447510833165e-05 8.649566770946304e-05 1.097404381167066e-04 9.819696747959128e-07 8.000580967220949e-04 7.203734324325584e-04 3.181378059836371e-04 4.859830100922835e-05 6.178185099189881e-05 4.557321516220902e-04 7.521434905482793e-04 6.722045053167425e-05 2.270491393215057e-04 4.257811133764611e-04 4.487989908358303e-04 4.096422608133587e-04 8.116358999472328e-04 6.501814790772775e-04 7.810064476243828e-04 6.108051878652154e-04 2.056140338377310e-05 1.908458450362860e-04 7.371741579559332e-05 2.279224446905537e-04 7.060293210648383e-04 6.956332811896004e-04 9.214091982700789e-04 1.376630381082211e-04 1.993335235324356e-04 6.803719214635018e-04 2.239417072102123e-04 5.586343744511946e-04 8.847987935303725e-05 5.223161252557729e-04 5.387196487604551e-04 1.460313023384785e-04 6.605085557583046e-04 6.390378707354094e-04 9.582016688775008e-04 3.688244100484850e-04 9.064776885587822e-04 8.823067275321728e-04 4.302179084234858e-04 2.656802590542406e-04 4.385795051815577e-04 2.028633034474314e-04 1.977300566122775e-04 3.752872133996610e-04 6.289387644788369e-04 2.955921238192993e-04 1.051666106378080e-04 2.746586847844623e-04 5.814916730068342e-04 8.559505454086014e-04 9.363813678470723e-04 9.366599501108852e-04 4.927012162431743e-04 8.012514327332132e-04 1.753694212936197e-04 7.584161231238562e-04 9.285011021435696e-04 5.068476866567362e-04 7.087983421290300e-04 7.098260247626054e-05 1.053556591240623e-05 8.672052149968357e-04 8.178652483674387e-04 3.825164960670757e-04 6.948383999554053e-04 8.874363687197129e-04 1.763297215597870e-04 7.183174545079551e-04 8.375367401088629e-04 4.121620520904923e-04 5.639082626286707e-04 3.374212356890838e-04 3.257324160036157e-04 5.765857570282085e-04 2.320013533133880e-04 6.433852552310548e-04 1.325413405170450e-04 8.761414109416665e-04 8.326362103014406e-05 2.393752892107248e-04 9.347274434786390e-04 1.436627932051571e-04 2.603992344376582e-04 4.332375523335152e-04 3.354444796523082e-04 9.069397509157695e-04 6.369437253182786e-04 3.009552231482138e-04 5.636656260766537e-04 3.570395989196118e-04 7.350106805018020e-04 4.345563478720393e-04 4.556215759897453e-04 8.831735043545730e-04 1.490875564331418e-04 1.635185157293495e-04 9.618341935532793e-04 6.618070024947131e-04 1.056945275414722e-04 8.636489582054541e-04 1.093156773886439e-04 2.944166834802919e-04 2.377924894473582e-04 7.742791506322177e-04 1.206476046279326e-04 9.546255805393811e-04 8.283621989829404e-04 7.048060633914888e-04 1.035119772552856e-03 2.528461865052012e-04 5.531215704721038e-05 9.687143818832566e-04 5.537563040087790e-04 7.995838499115504e-04 3.953889191728455e-04 7.902204954460257e-04 7.639735723748708e-04 1.964575086804699e-05 1.529145239556606e-04 7.357158245641371e-04 6.427091402848029e-04 4.396425637848422e-04 7.229693917555624e-04 7.394777356798388e-04 5.854948679727134e-04 3.477215531478839e-04 1.310451187924166e-04 6.602398581021240e-04 5.999105503188829e-04 6.747007191217624e-04 6.150035724761249e-04 5.561930441474738e-04 8.020514242798593e-05 4.849197616033085e-05 4.316715876779564e-04 6.954942847994527e-04 5.607318514319615e-05 6.648650869763573e-04 3.364345847752526e-04 8.706722979304193e-05 3.287897377018956e-05 7.892728076690225e-04 1.907670779981163e-04 5.534651640103361e-04 7.119045094106935e-04 8.732763131541477e-04 4.700719537051867e-04 6.037582998565660e-04 1.712149354299308e-05 2.465309506497204e-04 1.000380225530784e-03 2.418869139217406e-04 6.735679558838026e-04 8.096700260237233e-04 1.061858210182898e-04 9.533499045425997e-04 4.032084141673553e-04 6.279894791072771e-04 7.945420864538810e-04 8.408659369324445e-05 2.161302936271592e-04 5.421311537701923e-04 2.281924150079329e-04 9.474580370432972e-04 3.775883530516555e-04 6.694534353075543e-04 6.228963316473601e-04 7.545972157885494e-04 8.839808213528533e-04 1.117925841630507e-04 4.317666992567637e-05 2.141108641564859e-04 9.849866642208660e-06 7.471604408812449e-04 1.309417536267676e-04 1.807609577315072e-04 7.806261106091950e-04 5.720654600630259e-04 4.928763917283752e-04 2.346044019558569e-04 2.086389502048425e-04 4.713508796129195e-04 1.009085657034670e-03 5.456993127309351e-04 6.101133568875150e-04 1.607141560233671e-04 5.846109106046882e-04 2.753947482461716e-05 5.118637545591664e-04 3.983695643003937e-04 1.021947315821975e-03 6.990654219462267e-04 6.149307493896750e-05 2.155420235228911e-04 7.683023141942802e-04 4.898698550709901e-04 3.641108412258398e-05 4.773872134025692e-04 1.975243478397337e-04 5.096641756499598e-05 5.252962509454395e-04 1.037612690943879e-03 8.123698709538718e-04 5.498294729713582e-04 8.019723051993777e-04 8.995921236623627e-05 1.155370383365273e-04 7.435499534705903e-04 1.701142393631117e-04 4.480836352496742e-04 3.099799547580384e-04 7.616999217063547e-04 7.834209122817015e-04 1.669415036610333e-04 5.796366096724181e-04 9.639323239846731e-04 8.394776918952407e-04 7.111072035353994e-06 2.387541549540850e-04 4.470417884007150e-04 7.900372834261371e-04 4.004034434743897e-04 5.157597292544391e-04 8.490594140220242e-05 1.501364954026030e-04 5.136438729869408e-04 7.811927319601730e-04 9.981193936286492e-04 8.069423642959872e-04 1.900130119275589e-04 1.696781608857834e-04 1.612089122536853e-04 6.207241489042392e-05 1.881156518089844e-04 4.125844069653439e-04 6.951650791708897e-05 5.405178802407040e-04 5.962444341451600e-04 1.659061250636751e-04 3.903359313666699e-04 7.172720036905111e-04 5.974516877151059e-04 2.567970788397989e-04 4.593721617832391e-04 4.989884284737345e-04 6.819506378504259e-04 
512 1.1728279889e+00 1.7110109329e-03

K=600
=== Execução ===
Running without Marker API. Activate Marker API with -m on commandline.
1.008404360799355e-01 4.647764071485028e-02 1.930633288999646e-01 -1.993983686103929e+00 1.175486176043845e+01 -3.946560594597298e+01 8.189358144768667e+01 -1.069743624887888e+02 8.581409084113308e+01 -3.861437606366150e+01 7.464313222625277e+00 
5.208812547668057e-04 1.263064956989746e-04 6.226206443259719e-04 1.654233110031517e-04 4.683988450247117e-04 4.027221271044046e-05 3.537295649450878e-04 1.571928028312186e-04 4.643078755216523e-04 6.249531141623160e-04 1.193021829282992e-04 2.988368468492403e-04 8.223964369983849e-04 7.012406988882169e-05 6.445360652333754e-05 5.573590866948808e-05 1.843767041684596e-04 4.804719079838510e-04 5.214168305164441e-04 6.585541621625390e-04 6.881146617139511e-04 5.986121067271671e-04 1.119715122097076e-04 5.191620407588304e-04 3.715473502805822e-04 5.346816804269183e-05 7.353829262996825e-04 1.212703600350362e-04 4.793144932419002e-04 1.954118634932694e-04 4.730946157910365e-04 1.582567096128779e-04 4.973606387057017e-04 2.814146831604109e-04 8.634945257660898e-04 8.305628946063265e-04 4.829739191203192e-04 4.143763207531542e-04 1.860984050529452e-04 8.166083891243681e-05 6.551186977091505e-04 4.959930161812370e-04 4.838943518325339e-04 6.958113744626460e-04 2.952822895695983e-04 2.589623689543824e-04 5.812738027155540e-05 7.014241881668909e-04 1.119858298962023e-04 3.551078579134975e-04 5.150673238435988e-04 2.519598596191497e-05 5.854917430462014e-04 2.067962598926165e-04 3.428157234317969e-04 1.311987349276872e-04 5.846815310938946e-04 2.606545627560353e-04 5.608585180323783e-04 2.549086047167193e-04 7.395959847460581e-04 1.678821319787693e-04 3.832064167842153e-04 6.322519270906130e-04 4.293395090212843e-04 3.639697459631441e-04 6.884507925760813e-04 1.363653825530858e-04 1.162470316810327e-04 2.659370956469703e-04 5.465769175333757e-04 3.667737414575767e-04 5.274940458884630e-04 1.179994061971668e-04 5.866682740773427e-04 9.603803448188231e-05 6.039104020440639e-04 9.723177780418535e-05 5.814472254912773e-05 2.140243062488112e-04 4.764393766086006e-04 1.588151701919505e-04 4.906624668825493e-04 6.188307020177780e-04 5.750264533404964e-04 8.721669565803086e-04 4.562773483260257e-04 4.383680859956912e-04 3.350870013830581e-04 8.235197967474961e-04 2.467617919499343e-05 5.450490159859128e-04 4.113973219503630e-05 5.429455519933568e-04 4.618920832105688e-04 3.269135822109998e-04 5.359739071844200e-04 4.354274159524135e-04 7.611104748589947e-04 5.317152208182269e-04 5.460720088453774e-04 5.014847300865710e-04 1.818995972294735e-04 1.241717729561637e-04 3.291184445521900e-04 4.960673958298578e-05 7.480938545460780e-04 6.708171311455985e-04 7.698750415540689e-04 2.531837027675843e-04 1.599359645006182e-04 3.060090515491221e-04 6.335291374800628e-04 6.064292446771868e-04 1.062953375703668e-05 7.914560560648848e-04 6.661537332340872e-04 2.697523809771923e-04 5.749768563391433e-04 2.606414194165074e-04 1.692535793076794e-04 1.944438338199184e-04 5.880535679730903e-05 7.072071094591237e-04 4.027828038467574e-04 2.328390168056110e-04 3.755251187892439e-04 3.021777514945756e-05 5.578720095964496e-04 3.772280645565479e-04 2.636861264591200e-04 2.048450717756639e-04 1.799108534396299e-05 8.125143836475446e-04 5.628761548037292e-04 4.300741123957064e-04 8.252826786997458e-05 6.994504109210098e-04 5.436550461297845e-04 1.925311212852138e-04 1.634659735658128e-04 4.914138810107882e-04 7.593056611522458e-04 4.003895623638093e-04 2.993190674547008e-04 3.087606918629471e-05 4.725267028260066e-04 1.601641335213649e-04 5.585232995102135e-04 2.378131950393353e-04 3.910276703655291e-04 4.246720715709862e-04 7.726450762144260e-04 5.163947468037056e-04 5.375107834405812e-04 3.307628907601307e-04 5.403601183395224e-04 7.215630984042098e-05 4.780718245642052e-04 2.609615049890268e-04 3.861506532580466e-04 6.184342978180074e-04 3.663998746449293e-04 4.319097337813910e-04 6.435129188016031e-04 9.019190675116362e-05 3.584137591483572e-05 2.637693466035068e-04 5.360672349859208e-05 2.426373682930666e-04 3.894633359542987e-04 7.370822601110161e-04 1.140144931347092e-04 4.792939780202538e-04 4.798209157305805e-04 6.658113354693768e-04 3.044717774474542e-04 9.946774639228717e-05 3.073383909950600e-04 8.566506988438860e-06 5.178415919377816e-04 7.272142069899984e-04 3.942103246505485e-04 4.807056332171294e-04 3.862408561638719e-04 6.655676447035047e-04 2.979321436294424e-06 6.540421335792940e-04 2.653711569912953e-04 3.839171686343124e-04 4.661067588235535e-04 7.385367545429677e-04 1.950817036770192e-04 7.075297622326365e-04 3.631961238753367e-04 3.128443447521223e-05 6.152963470065775e-05 4.085276116479880e-04 6.264231262877312e-04 6.928587320127189e-04 2.072280379238900e-04 2.072930183425054e-04 7.647300614457980e-04 4.881106557781678e-04 1.232043241692071e-04 3.881513707731515e-04 6.330787859444575e-04 4.276629861741377e-04 3.671371126326151e-04 8.627757481810550e-05 3.940799976021730e-04 7.112102037694357e-05 3.860519846117516e-05 6.306485885951285e-05 2.642554182627904e-04 5.021505727712677e-04 2.464583151152167e-04 5.868341211868466e-04 6.953430351778339e-04 3.085019475318751e-04 1.494978072291570e-04 3.392525418726700e-04 3.931269139855337e-04 4.795663766784947e-04 4.732406903629610e-04 8.105665407722451e-04 3.911780820165245e-04 2.934893717852216e-04 4.272886009373811e-04 1.871920274269800e-04 1.511851335870562e-04 6.139959676039336e-04 4.392425219481022e-04 8.410359648847177e-05 7.101064190078166e-04 2.670831653410199e-04 3.561227401009115e-04 5.159663069928822e-04 1.458660740016604e-04 1.185216321520910e-04 2.214680694379023e-04 2.825894916400062e-04 7.739562101636011e-04 5.864168887471655e-04 5.020169161373544e-04 3.391516292231000e-04 7.323674695956239e-04 5.598961394267521e-04 6.047063592067581e-04 5.741475381639827e-04 6.033394082185228e-04 3.555580183568496e-04 5.633825826686922e-05 1.880178080098938e-04 6.832898194835679e-04 3.309332947517285e-04 2.391001163230544e-04 2.116901457201448e-04 1.783455700924419e-04 1.352675911171775e-04 4.672308697719341e-04 8.266211009520796e-04 1.190252154902871e-04 1.091676377365514e-04 1.279044872937729e-04 3.393656507277854e-05 7.145938105410921e-04 6.453165820938522e-04 2.422160676331109e-04 6.934088976717767e-05 2.629411040583340e-05 4.138232872173686e-04 6.652180220663995e-04 7.916134058186253e-05 2.139157809092629e-04 3.818264770258095e-04 3.661944657938898e-04 3.645934380340221e-04 7.058460267755362e-04 5.433840485533359e-04 6.760559610941852e-04 5.289523000745200e-04 1.170107657760822e-05 1.589166691238764e-04 6.088923319252926e-05 1.945750736954688e-04 6.043419153627105e-04 5.974220762006432e-04 7.920391015439343e-04 1.097473653800807e-04 1.604206220018334e-04 5.689606790125479e-04 1.775369438778707e-04 4.921852600797139e-04 9.289478489604708e-05 4.649905764607665e-04 4.385601579469378e-04 1.476014874269294e-04 5.884340801004251e-04 5.718924194768882e-04 8.459903516740697e-04 2.846986979419819e-04 7.418309937965439e-04 7.195843474403774e-04 4.020100342657373e-04 1.903000491959850e-04 3.363709406894455e-04 1.338126898133563e-04 2.093819447476497e-04 2.782992960420616e-04 4.935191972328390e-04 2.965766544560100e-04 4.431033619856084e-05 2.808296693364576e-04 4.488031753218935e-04 7.786872013945678e-04 8.481166959141695e-04 7.494964666100445e-04 4.708588990918194e-04 7.347056171303490e-04 9.821187457439984e-05 5.953657884363583e-04 7.402134063938526e-04 4.848202048283179e-04 6.572640781810635e-04 1.130163557788166e-04 4.338415437180054e-05 6.878030421083869e-04 6.459549442977552e-04 2.748059586605844e-04 6.440947792588636e-04 7.066486822195073e-04 2.004692631918104e-04 6.622431334205314e-04 6.662342443203573e-04 3.041552121286206e-04 4.346441895091424e-04 2.424647583996742e-04 3.222472892994432e-04 5.350413824844746e-04 2.396416209926866e-04 5.892493746001981e-04 7.439823235427800e-05 7.105424078214795e-04 3.563865151440249e-05 2.379169405394010e-04 8.294458625916490e-04 9.269152004792724e-05 2.501268957576241e-04 3.955670976282799e-04 2.624877425309591e-04 7.523377686820265e-04 5.628774503473877e-04 2.397495388786197e-04 4.957227147673049e-04 3.170170082680557e-04 6.371240348962970e-04 3.633743031009051e-04 3.937409547535020e-04 7.560508009961386e-04 1.270694141697337e-04 1.367999700345457e-04 8.154275328586813e-04 5.726947585586728e-04 1.007691819636947e-04 7.501844855339612e-04 1.091131720982186e-04 2.327847565328223e-04 2.239763271403017e-04 6.843713493432380e-04 1.291775108442361e-04 7.858436990620110e-04 6.755854282630147e-04 5.676743068460111e-04 8.471076801153943e-04 2.543434331906402e-04 8.811512316164727e-05 7.834448213061007e-04 4.271344931048582e-04 7.298600612857531e-04 2.877793967861753e-04 7.259325000693317e-04 7.054431492780899e-04 3.857384979602529e-05 1.875507262681375e-04 5.691202994010380e-04 6.086592519375933e-04 4.367914573734921e-04 6.798669883811004e-04 5.669013153571933e-04 5.648076259239521e-04 2.305963669865518e-04 1.787630423300823e-04 6.310218759600084e-04 4.437631725233704e-04 5.071801309665391e-04 5.936291267964744e-04 5.435605001492538e-04 1.373526677292125e-04 2.734943096796560e-05 4.367550067027604e-04 5.255813309942292e-04 1.151124481664767e-04 6.338141606807846e-04 2.215867928147264e-04 1.386843728355680e-04 9.116789552240934e-05 7.351893874681659e-04 2.228715514734636e-04 5.306233393718995e-04 6.639178013625180e-04 7.995595639473108e-04 4.532764535556399e-04 5.649891026987264e-04 3.265696944404484e-05 1.657657858665229e-04 8.118523862069293e-04 1.675446581619333e-04 5.389861173942245e-04 7.235076137658003e-04 1.198744902834725e-04 7.877076356458956e-04 3.218109279354286e-04 5.172874451026543e-04 6.928436832389084e-04 8.273399952701821e-05 1.773895561008598e-04 4.656457199137265e-04 1.957790065311715e-04 8.033022873559503e-04 3.315934768311490e-04 5.848804801309448e-04 5.494096441848173e-04 6.217751151156858e-04 7.807620915723790e-04 6.468437869433519e-05 7.182076381181957e-05 1.434940227345582e-04 3.500613623144688e-05 6.851332734625071e-04 1.633729914047588e-04 2.098865314783815e-04 7.256807015997291e-04 5.515126650188218e-04 4.876224035953725e-04 1.296100414211743e-04 1.040489880493045e-04 4.794514347230550e-04 7.807875896972405e-04 3.824875581599774e-04 6.064789820214855e-04 4.883879701964022e-05 4.083409748273092e-04 1.160046530571945e-04 3.425681055194418e-04 2.442743010339088e-04 7.752340492775678e-04 6.942253968676426e-04 1.507154840868774e-04 2.824007911856052e-04 7.539872268520764e-04 3.200981758419152e-04 6.605584798879960e-05 5.033386220607561e-04 7.411308122970417e-05 4.904703791755449e-05 3.579981922601783e-04 7.978442371588124e-04 7.777494648710803e-04 5.502664149807934e-04 7.615889789706620e-04 1.497757830279944e-04 3.019596651879231e-05 6.978953656322506e-04 8.713530185378016e-05 3.300716465859110e-04 2.183128597433026e-04 6.897574658000505e-04 6.354993360766781e-04 1.164954558024456e-04 4.760034957381754e-04 8.115355070042185e-04 7.195446636250880e-04 1.230179635824946e-06 1.907070526380450e-04 4.028222213135479e-04 6.444196882438302e-04 3.034979036821706e-04 4.867130880029380e-04 1.750808425507455e-05 1.912762672550972e-04 5.094864515515218e-04 5.876919162031979e-04 7.653984145569448e-04 7.818985844442461e-04 2.619152082805887e-04 3.916715866186804e-05 2.483341864804867e-04 1.680647121906909e-04 4.203424137683154e-05 4.729036776970341e-04 1.813086949609966e-04 5.830639481047284e-04 3.886076932290705e-04 2.585027177510191e-04 2.212029463182219e-04 7.169488151685666e-04 4.141002832027396e-04 1.348978989746119e-04 4.622016323401479e-04 4.792190082586190e-04 5.482874116306546e-04 3.848401279215041e-04 5.379861640256445e-04 2.293825050058707e-04 6.929992083080927e-04 5.435624995903110e-05 3.659031592616602e-04 2.147855485654937e-04 3.430694376839183e-04 5.348826209935764e-04 7.607851107047370e-04 7.150059647640650e-04 3.363381992960435e-04 7.826584590904240e-04 8.114247211631898e-04 7.150453424774883e-04 1.325473382922382e-04 2.287370622773011e-04 9.509549086544888e-06 6.197612056834390e-04 1.693694597023065e-04 6.788422799081650e-04 3.345491752237972e-04 2.418317574081896e-04 3.809199932919560e-04 7.505791343348778e-04 9.636667775919650e-05 7.726122227360022e-04 7.811802443394300e-05 2.991476748203936e-04 3.957304549793150e-04 1.857974903350379e-04 7.671141990152064e-04 8.258527127599780e-05 4.342597331814524e-04 6.411804965262835e-04 7.090739377610955e-04 7.540231709501632e-04 3.184967590302845e-05 2.262844992099722e-04 6.199211214689138e-04 1.083788253007922e-04 1.101917371003069e-04 1.234177977394169e-04 1.578087284103691e-04 8.530992086772105e-05 2.370154914834444e-04 5.493708864449942e-04 6.818257034218178e-04 6.155755768376958e-04 3.471927061480251e-04 4.846849801121156e-06 7.846750795550139e-04 1.354199587749461e-04 5.786472019298217e-04 3.514564674405030e-04 3.201668827818027e-05 3.731141126825099e-04 3.141638209734621e-04 7.479462065876352e-04 7.333512008094734e-04 9.620923721617713e-05 1.287973644290841e-04 6.376477807411851e-04 8.164385597175250e-04 5.593584211764091e-04 4.131073913732908e-04 6.589629764592875e-04 5.140188161003312e-04 4.230241809569379e-04 1.666857921261977e-05 7.631919008377064e-04 4.824966919332319e-04 7.430073439026463e-04 1.567716254742557e-04 2.299767455638535e-04 1.386200894582246e-04 4.765327244521389e-04 1.712675498505289e-05 4.951887614529360e-05 2.950769815646126e-04 4.673979006205031e-04 7.533289000671572e-04 2.811083665540948e-04 2.644556944657317e-04 4.655593729755159e-04 1.686498670162295e-04 5.698486983486684e-04 7.707524021188517e-04 
600 1.2900969982e+00 1.6999840736e-03

K=800
=== Execução ===
Running without Marker API. Activate Marker API with -m on commandline.
1.006159645709967e-01 4.896051765767566e-02 1.390686181785372e-01 -1.696345321864035e+00 1.152578558142484e+01 -4.235435242795812e+01 9.257157617471940e+01 -1.235426430330446e+02 9.881338344304288e+01 -4.348550461164663e+01 8.093429045185506e+00 
4.029731131809655e-04 8.530317664258436e-05 4.601184645937617e-04 1.195141566488339e-04 3.487724516249568e-04 2.945515994060011e-05 2.660941566615393e-04 1.200223324920313e-04 3.449719700147486e-04 4.645092853303445e-04 9.445843660915720e-05 2.185264193219766e-04 6.107206689498351e-04 4.617271414961155e-05 5.498404216955355e-05 4.856006554179726e-05 1.315089047607410e-04 3.536537934132611e-04 3.976095897623017e-04 4.875927423987764e-04 5.221221359576617e-04 4.546536092655123e-04 7.867327099267407e-05 3.942470395451175e-04 2.742491090152316e-04 4.402019689810077e-05 5.481330577127713e-04 8.808092236323173e-05 3.571587869868054e-04 1.483332703539481e-04 3.560388732377073e-04 1.180309601159085e-04 3.729115583131354e-04 2.106242417460463e-04 6.466483838631909e-04 6.214265957158460e-04 3.642339362872615e-04 3.082881894368172e-04 1.366085585479682e-04 6.466093656959382e-05 4.874963479232081e-04 3.762407482053448e-04 3.582966986051678e-04 5.168826132315313e-04 2.161610001253089e-04 1.998195742153736e-04 4.946217905696382e-05 5.321750244015183e-04 7.767109563543151e-05 2.728316045646356e-04 3.929546838098152e-04 2.567582057533269e-05 4.459936568609602e-04 1.481546347142509e-04 2.640941585758810e-04 1.053938037797880e-04 4.454914301941643e-04 2.024305081021888e-04 4.137705268820874e-04 1.979638176112242e-04 5.480295864300072e-04 1.193822661209459e-04 2.810357559649840e-04 4.803764576195441e-04 3.279903045480953e-04 2.672127688894549e-04 5.218632381224914e-04 1.075425684936154e-04 9.218104516983683e-05 1.947448773303856e-04 4.055265457498375e-04 2.791717706454033e-04 3.918555201982005e-04 8.507165865895283e-05 4.430824184349647e-04 7.475458951422542e-05 4.505692612051942e-04 7.092910757652837e-05 4.522923340900820e-05 1.617607251911818e-04 3.564683521045109e-04 1.186336063650484e-04 3.679035756816162e-04 4.644143510214305e-04 4.305947776977875e-04 6.551822165213050e-04 3.407717914052782e-04 3.269642289280561e-04 2.491322666774709e-04 6.201886799229311e-04 2.141570907386592e-05 4.055253258336972e-04 3.446147125048260e-05 4.032655950813174e-04 3.421476178063904e-04 2.497748359357732e-04 4.068779959223584e-04 3.213759532007809e-04 5.653526287378585e-04 3.930325124815587e-04 4.155691575891129e-04 3.823770668547194e-04 1.299261079761999e-04 9.984880778411698e-05 2.399115013989317e-04 3.008472148348373e-05 5.683690867895885e-04 4.956506814978584e-04 5.850168063917943e-04 1.821441951132541e-04 1.120907938012006e-04 2.374699803136399e-04 4.831963755134588e-04 4.467018273537626e-04 2.027564928175352e-07 6.018059593449893e-04 4.913781409675438e-04 2.105589666772656e-04 4.229960826935414e-04 1.872681669630588e-04 1.351140081286006e-04 1.539523667438980e-04 3.605393877821605e-05 5.224395444888286e-04 3.099539451021094e-04 1.823827518088045e-04 2.892698354915735e-04 3.014798347582281e-05 4.257337715272980e-04 2.900827083011648e-04 2.047452784822434e-04 1.604210014826968e-04 6.911733667139264e-06 6.030215620909246e-04 4.160215739257844e-04 3.284515366821922e-04 5.625030919634288e-05 5.192020004693432e-04 4.128574439136445e-04 1.395609251233776e-04 1.180494239020474e-04 3.643058423715567e-04 5.655277979349782e-04 2.966509739757567e-04 2.211649733659254e-04 2.615840286981919e-05 3.517222385555213e-04 1.177839367147854e-04 4.168914724478195e-04 1.767010624211390e-04 2.945839418841967e-04 3.194686531795277e-04 5.800974039200796e-04 3.870353480464328e-04 4.030395628830119e-04 2.476235825226020e-04 4.044661435802094e-04 5.295815082147215e-05 3.600673450543934e-04 1.938545118355256e-04 2.918309840451300e-04 4.612586176224870e-04 2.777133617241911e-04 3.206757453582121e-04 4.790387672554963e-04 7.157501285000312e-05 2.261945912387930e-05 2.024139459555763e-04 3.529831663305616e-05 1.871985326450804e-04 2.865696505473386e-04 5.469833491083126e-04 7.938928344974894e-05 3.530633028173136e-04 3.665504357298344e-04 4.924045780095032e-04 2.355681830122774e-04 8.206649605062288e-05 2.382113975237660e-04 1.436466958172622e-05 3.802192532423171e-04 5.537844270566555e-04 3.042327539458517e-04 3.517638258725836e-04 2.986253368589820e-04 5.082884031947926e-04 7.034619976670209e-06 4.999454215323662e-04 1.894817493953566e-04 2.782705411771835e-04 3.398042481492503e-04 5.440306261925570e-04 1.363557062295934e-04 5.406739337364685e-04 2.623121202634110e-04 1.333274558891484e-05 3.598384844609448e-05 3.165790315694250e-04 4.596269548740317e-04 5.298286169140576e-04 1.452551667167623e-04 1.453354724411243e-04 5.836374379567522e-04 3.761157054904957e-04 1.023660649745878e-04 3.009938244645655e-04 4.845943212564985e-04 3.110695026070087e-04 2.657948992687287e-04 7.413414460137602e-05 3.048419709903993e-04 4.421463771311918e-05 1.999529325910632e-05 3.851904651076821e-05 2.067808709711322e-04 3.682249790190190e-04 1.766679805946109e-04 4.321726279167826e-04 5.137874523874764e-04 2.388530624722468e-04 1.048997850081196e-04 2.474783920719259e-04 3.015344138982134e-04 3.660832998921421e-04 3.488113222247513e-04 6.021033192004921e-04 2.878675393470226e-04 2.253198724673638e-04 3.253488502381191e-04 1.358389742626698e-04 1.176099978178191e-04 4.566159016687887e-04 3.329670939809098e-04 6.626161348569082e-05 5.354074177532087e-04 1.978457154736130e-04 2.649905751798964e-04 3.887072008773307e-04 1.107595932362260e-04 8.987581583191906e-05 1.654945058875701e-04 2.117158012995557e-04 5.806228336713432e-04 4.392736526367402e-04 3.755894126111908e-04 2.530556868168693e-04 5.509684747705412e-04 4.219994682113509e-04 4.510686840431682e-04 4.334542691712684e-04 4.492800229755622e-04 2.702719326322101e-04 4.623354887026143e-05 1.366599288860071e-04 5.171910871814012e-04 2.431096384621356e-04 1.738722352917083e-04 1.645784886743912e-04 1.399231956721869e-04 1.079625694629521e-04 3.435690856586626e-04 6.271560342498012e-04 8.174898515038442e-05 7.403287677912318e-05 8.776974403656990e-05 1.698554285341214e-05 5.271780757108990e-04 4.749279515817162e-04 1.910052079150126e-04 4.238769231219852e-05 2.960420614550596e-05 3.002276693798017e-04 4.885273203278778e-04 4.874846883548556e-05 1.495882959753059e-04 2.753059195829549e-04 2.859143244082762e-04 2.619831745424711e-04 5.177405306180105e-04 4.193525435359502e-04 4.950687269253823e-04 3.845942267935443e-04 2.103038786994971e-05 1.315643144036427e-04 5.815345378278047e-05 1.333477293174595e-04 4.659242492543736e-04 4.608056679365202e-04 6.068266805621531e-04 6.946808330711429e-05 1.074411866369002e-04 4.138277142670677e-04 1.202547854569080e-04 3.820285568845588e-04 8.253891467882579e-05 3.615754736061016e-04 3.161363711967485e-04 1.234225627111535e-04 4.539712175631871e-04 4.414757229877914e-04 6.469465071267944e-04 2.011863039771966e-04 5.441648381846464e-04 5.276223702977423e-04 3.134177917516329e-04 1.309833919177078e-04 2.407180547264326e-04 8.899359701011744e-05 1.681955621207765e-04 1.977846087737323e-04 3.594310228316744e-04 2.328973182407768e-04 2.302333109896471e-05 2.205646213116197e-04 3.269384838285871e-04 5.933896446916054e-04 6.451611785893152e-04 5.533599522104526e-04 3.615849137618699e-04 5.591381783422167e-04 6.589153526734282e-05 4.391080808484882e-04 5.481041038055967e-04 3.703019221236725e-04 4.992571079484587e-04 9.068540625892241e-05 3.806751004406528e-05 5.107241031998278e-04 4.797463430863125e-04 2.017996326007798e-04 4.869545666336406e-04 5.265303112641229e-04 1.533753437970575e-04 4.992678327904732e-04 4.975328045550287e-04 2.264203990663127e-04 3.247378335683171e-04 1.810573570356355e-04 2.420196293773380e-04 4.011556450106424e-04 1.791442169123414e-04 4.408868286788215e-04 5.731321648583254e-05 5.348863613231780e-04 2.917376454703025e-05 1.755279703180290e-04 6.187104344515526e-04 7.335562611007762e-05 1.832968391637657e-04 2.919177948491891e-04 2.020799060228340e-04 5.699208975306624e-04 4.160406169447239e-04 1.863754805437046e-04 3.647873689194281e-04 2.303217316269868e-04 4.699710936165724e-04 2.808276552686839e-04 2.865901651035174e-04 5.579107550681695e-04 8.577020016958814e-05 9.267132911283671e-05 6.012533817781329e-04 4.402183517157321e-04 8.664514976877702e-05 5.740681501631428e-04 9.361631367527101e-05 1.624657672347762e-04 1.804357270467349e-04 5.260515985042180e-04 1.099643637811065e-04 5.760052348997569e-04 4.930274235985799e-04 4.118225300041023e-04 6.211389077838969e-04 2.051948451545216e-04 8.075547376226733e-05 5.726964912770305e-04 3.052599186106342e-04 5.626753703127929e-04 2.003795773243555e-04 5.600640033045778e-04 5.448414130231061e-04 4.481839261555320e-05 1.566643162721482e-04 4.107415794014357e-04 4.726743749070283e-04 3.438385620492812e-04 5.261938260316401e-04 4.088503473314853e-04 4.399467237509724e-04 1.566077069878602e-04 1.503935173156334e-04 4.895523344254082e-04 3.165887974241888e-04 3.642209439965460e-04 4.612994617014810e-04 4.236443340075446e-04 1.188676892822649e-04 3.622740371966859e-05 3.431266829236612e-04 3.787974565909180e-04 1.015340869250092e-04 4.903547730375768e-04 1.514182323566204e-04 1.185462933045445e-04 8.265368044479970e-05 5.653983085631697e-04 1.808723934134671e-04 4.113828558326982e-04 5.110347086984546e-04 6.124316653308148e-04 3.523698571363532e-04 4.357900381298796e-04 3.616209943735349e-05 1.130480233062503e-04 5.980199142837095e-04 1.152095928962926e-04 3.942243280414537e-04 5.521995484838171e-04 9.901590472916055e-05 5.821414516942736e-04 2.332012088956947e-04 3.803019598500323e-04 5.267924149245651e-04 6.869605439741022e-05 1.269203390672491e-04 3.548232742029145e-04 1.417867050059196e-04 6.069747807256887e-04 2.447540235454848e-04 4.352831866471507e-04 4.092503202286768e-04 4.685622305151127e-04 5.839218480526154e-04 4.957729076207618e-05 5.339119526170943e-05 1.075019853339632e-04 2.696867884854903e-05 5.151615589947811e-04 1.244401953405805e-04 1.599248497618777e-04 5.473699520670561e-04 4.173426922916001e-04 3.700223688484772e-04 9.230668017812249e-05 7.254339031775858e-05 3.656709412603043e-04 5.789235009877880e-04 2.796185446819754e-04 4.626806935877081e-04 2.823961348946691e-05 2.973052314940161e-04 9.650728833848765e-05 2.468774005358054e-04 1.726212853854769e-04 5.703151485889069e-04 5.322948794145022e-04 1.251666984898314e-04 2.244230641253731e-04 5.785927366528387e-04 2.265046719712172e-04 6.356363333973047e-05 3.919640019705017e-04 4.070161906566394e-05 5.207587485284160e-05 2.528170023450849e-04 5.823274430149239e-04 5.997243956365750e-04 4.294505768558943e-04 5.882623291289524e-04 1.297030939450827e-04 4.994733452723388e-06 5.413345834781036e-04 4.719823566676218e-05 2.291813970702050e-04 1.451647197229233e-04 5.360636993687051e-04 4.577255175523265e-04 6.834186643867035e-05 3.378651262332943e-04 5.894296356819817e-04 5.589414473843590e-04 2.024275129550168e-05 1.623635697337034e-04 2.827944102017921e-04 5.026016552061585e-04 2.468504851863840e-04 3.458921452853814e-04 3.216473479508708e-05 1.245571640220156e-04 3.633730629017395e-04 4.593278722212213e-04 5.924004061098054e-04 5.683040654228533e-04 1.785724847962744e-04 4.695929972886592e-05 1.689705117099150e-04 1.090957556155459e-04 4.812786564145632e-05 3.384490709805454e-04 1.201488554263275e-04 4.218834232647128e-04 3.064305295072400e-04 1.793632123907873e-04 1.799344799081337e-04 5.241809472975034e-04 3.235848300502109e-04 1.136432030804657e-04 3.347393909190199e-04 3.480777522140988e-04 4.219601091911551e-04 2.784933272729495e-04 3.939756330303412e-04 1.631597980885913e-04 5.279763471268129e-04 3.320268356979406e-05 2.675366345416541e-04 1.672957914365392e-04 2.628152931813399e-04 4.059735093566441e-04 5.664861361651952e-04 5.396422542468526e-04 2.549215740216826e-04 5.850495646653187e-04 6.097865577730233e-04 5.357936820427900e-04 9.917291105474013e-05 1.725173152856141e-04 8.821387273427739e-06 4.672313822293994e-04 1.239000590297912e-04 5.052940535693051e-04 2.554529798912963e-04 1.866099431468704e-04 2.916115020714372e-04 5.563383238610942e-04 7.953349048780978e-05 5.873668570519908e-04 5.004602729857810e-05 2.151990023163686e-04 3.065622207313323e-04 1.496974243818394e-04 5.644201331684029e-04 7.340098988872779e-05 3.137068506285090e-04 4.683929774698392e-04 5.188308748141357e-04 5.789511540937875e-04 1.001791677801567e-05 1.554326660933858e-04 4.502734329820679e-04 6.625505370272400e-05 6.727839197503971e-05 7.688705933467377e-05 1.023948814702358e-04 4.776080768426061e-05 1.613051928435472e-04 4.286945872181702e-04 4.945171196812925e-04 4.786960153547182e-04 2.775483521564592e-04 1.363655093877814e-05 6.058754963655655e-04 8.411718801615287e-05 4.164762490764251e-04 2.811475613901659e-04 6.424408551031213e-06 2.974458319859041e-04 2.532471664457303e-04 5.785928716520450e-04 5.323731635002993e-04 5.450801834197549e-05 1.142611253193704e-04 4.605488183730966e-04 5.946037120617143e-04 4.373014075570725e-04 2.919660752876974e-04 4.762456980519636e-04 4.036390131729739e-04 3.355842473123927e-04 6.055723806380753e-06 5.912494267143742e-04 3.426534322114594e-04 5.769118753073954e-04 9.740239845942855e-05 1.932710289843376e-04 8.246216238239068e-05 3.797298463080745e-04 1.043688569926648e-05 6.150892827325172e-05 2.469140715892493e-04 3.235435272224974e-04 5.364172588018246e-04 2.411758487270987e-04 2.306575794132348e-04 3.146601923612602e-04 8.954521722101538e-05 3.877543221674773e-04 6.206624118715032e-04 4.485738196456368e-04 4.216064842550715e-04 5.243416829476266e-04 1.340848069122658e-04 3.296024515652973e-04 3.481778018111781e-04 1.759425511217994e-04 1.530980975140983e-04 4.232658021380287e-06 3.353094344109298e-04 5.796436609972755e-05 2.836791535199834e-04 2.740098344956587e-04 8.244892742473309e-05 7.559935976508836e-06 3.135931601137842e-04 4.532517991185925e-04 4.164812478942570e-04 2.362037695176622e-04 2.147989975747611e-04 2.253185389129719e-04 3.213912238523853e-04 1.578696901175236e-04 5.317017676370328e-04 2.283834789195416e-04 5.377814657400171e-04 1.407486249172529e-04 8.481245749300537e-05 1.332711357937555e-08 3.797557035735422e-04 8.167558533986319e-05 1.770446213207322e-04 5.832042487918243e-04 1.818048919490500e-04 3.149904265430103e-04 2.860897074754287e-04 4.563071831408805e-04 4.830240579438705e-04 1.893531273190474e-04 1.770834277295130e-04 1.885549237726769e-04 3.722802956232785e-04 1.582091164653854e-04 5.328888338746174e-04 3.424541057372166e-04 4.671463007775711e-04 4.142496073429036e-04 5.233769461548965e-04 2.684303476526428e-04 4.365250352686700e-04 3.053690702377876e-04 5.702144750865112e-04 5.221568659502240e-04 4.904038250406195e-04 4.634056068699155e-04 1.396526445497093e-04 4.178928149327077e-04 3.614139914223657e-05 5.542838749345580e-04 1.906460960805489e-04 2.983961112039413e-04 6.603746768862884e-06 2.754147281015806e-04 3.588282995444503e-04 4.689543436619537e-04 1.493294011090107e-05 5.321064164227896e-04 5.917187862141959e-04 1.481413996331227e-04 3.037940425627550e-04 2.323448067957645e-04 6.430173118504301e-04 5.793085352905902e-04 5.276890986385119e-04 5.273693402370605e-04 3.206415404131968e-04 5.886580289178323e-04 5.363821930315371e-04 2.438000287004471e-04 2.571274078670693e-04 4.998690905241576e-04 5.889160320131093e-04 3.375853062680401e-04 5.768771855647614e-04 4.802923259199232e-04 5.252637709339814e-04 2.139447241879533e-04 2.994126239613260e-04 3.733665860039537e-05 3.109216362767453e-04 4.899986705055037e-04 3.377608438285828e-04 2.813796199798713e-04 4.363962573565305e-04 5.780976974289753e-04 4.117667826542548e-04 1.780859710710514e-04 4.599930212547121e-04 3.535463232749170e-04 6.196902330039278e-04 4.930984414302231e-04 5.277252514495900e-04 6.251954658947900e-04 4.704914488262435e-04 6.023515507950494e-04 5.050680883255110e-04 1.876977268017166e-04 6.322954521907620e-04 5.733075517351804e-04 1.737695189122090e-04 2.834748862212133e-04 4.298404601267569e-04 1.922683286085247e-04 1.285914663490262e-05 3.657400464329719e-04 3.218548490141748e-04 7.264736583442732e-05 4.865080941201805e-04 6.149001922970687e-04 5.263628960306688e-04 1.827468945787003e-04 4.908450554938215e-04 4.282419389259329e-04 5.333925490104696e-04 5.764128131458268e-04 3.766741862003264e-04 4.999369696389866e-04 2.244955890248757e-04 2.107802849529161e-04 2.289173682447354e-04 2.315901353048544e-04 3.458463415662028e-04 3.307646130397968e-04 2.374026611174085e-04 5.078250477109081e-04 3.170742721159969e-04 1.279416764011221e-04 2.928650430719104e-04 3.233460292286217e-04 9.139779932770820e-05 5.226550724024837e-04 5.667567528541972e-04 8.374987629897190e-05 1.115919930782250e-04 6.872504832683424e-05 3.179822910352736e-04 1.648262416358015e-04 4.551900079809990e-04 1.493324236610805e-04 1.228399834208027e-04 3.229315336920058e-04 3.282816706320912e-04 2.198914151172737e-04 4.808424998082594e-04 4.604789468137527e-04 1.289744953736627e-04 6.851035254418492e-04 3.812088179897255e-04 4.819669859050246e-04 1.998963914473517e-04 3.603994548465050e-05 4.272151145603420e-04 2.500541848687865e-05 2.023044945963781e-04 9.712450920332238e-05 8.308375376225863e-05 4.495722785531342e-04 3.377458186835103e-04 3.127351952539881e-04 5.639168357211843e-04 4.452143457650548e-04 2.783291225198492e-04 5.585703989511304e-04 1.929842825307282e-04 1.632980069889156e-04 2.081098227047495e-04 1.881042633883889e-04 3.720002583929571e-04 4.540325721677507e-04 5.091960620109415e-04 2.979607499113968e-04 4.152491897373434e-04 5.234264164225011e-04 1.870961735802035e-04 1.906231307107487e-04 4.398029631539069e-04 4.856467884209459e-04 1.692602877337024e-04 2.776098330997956e-04 2.609912993034313e-04 5.128284316481824e-04 2.300174282364453e-04 3.777660113109815e-04 1.677294103690219e-04 2.726657303860625e-04 4.236373933661775e-04 4.619218659072388e-04 5.255372883566090e-04 4.628000712395275e-04 5.508346942558751e-04 
800 1.7181060016e+00 1.7540156841e-03

K=1024
=== Execução ===
Running without Marker API. Activate Marker API with -m on commandline.
1024 2.2469980121e+00 1.7490088940e-03

K=2000
=== Execução ===
Running without Marker API. Activate Marker API with -m on commandline.
2000 4.3721059859e+00 1.6500055790e-03

K=3000
=== Execução ===
Running without Marker API. Activate Marker API with -m on commandline.
3000 6.6977559924e+00 1.7160177231e-03

K=4096
=== Execução ===
Running without Marker API. Activate Marker API with -m on commandline.
4096 9.2017199993e+00 1.7180144787e-03

K=6000
=== Execução ===
Running without Marker API. Activate Marker API with -m on commandline.
6000 1.3076343000e+01 1.7040073872e-03

K=7000
=== Execução ===
Running without Marker API. Activate Marker API with -m on commandline.
7000 1.5256773978e+01 1.7240047455e-03

K=10000
=== Execução ===
Running without Marker API. Activate Marker API with -m on commandline.
10000 2.1844222993e+01 1.7040073872e-03

K=50000
=== Execução ===
Running without Marker API. Activate Marker API with -m on commandline.
50000 1.0868129599e+02 1.7170011997e-03

K=100000
=== Execução ===
Running without Marker API. Activate Marker API with -m on commandline.
100000 2.1616307500e+02 1.6930103302e-03

K=1000000
=== Execução ===
Running without Marker API. Activate Marker API with -m on commandline.
1000000 2.1597535620e+03 1.9350051880e-03

K=10000000
=== Execução ===
Running without Marker API. Activate Marker API with -m on commandline.
10000000 2.1598242033e+04 1.8830001354e-03

K=100000000
=== Execução ===
Running without Marker API. Activate Marker API with -m on commandline.
100000000 2.1746002703e+05 1.8950104713e-03

